2016112	2016-09-24(六)	07 22 23 31 32 	04 05 	199,351,193	1	10,000,000	64	130,955	35亿0275万0201元	查看统计
2016111	2016-09-21(三)	04 09 22 26 27 	02 12 	181,731,808	1	10,000,000	92	86,588	34亿6767万9525元	查看统计
2016110	2016-09-19(一)	07 20 21 23 30 	07 10 	179,311,987	8	6,772,123	72	92,985	34亿4291万0758元	查看统计
2016109	2016-09-17(六)	03 25 28 31 34 	11 12 	193,626,665	2	10,000,000	50	198,739	34亿6651万4047元	查看统计
2016108	2016-09-14(三)	10 17 22 23 25 	07 09 	173,106,306	7	6,542,310	104	50,797	34亿3765万7318元	查看统计
2016107	2016-09-12(一)	02 06 19 24 26 	04 06 	174,509,999	7	6,607,125	44	175,322	34亿6256万1196元	查看统计
2016106	2016-09-10(六)	03 21 30 33 35 	01 04 	191,510,252	6	7,312,443	139	52,781	34亿9387万9603元	查看统计
2016105	2016-09-07(三)	08 11 31 34 35 	01 02 	175,645,150	1	10,000,000	55	173,380	35亿0992万3337元	查看统计
2016104	2016-09-05(一)	01 20 22 23 30 	06 07 	176,312,231	3	10,000,000	46	196,336	34亿7585万5899元	查看统计
2016103	2016-09-03(六)	05 14 20 23 29 	03 11 	196,977,631	3	10,000,000	76	107,797	34亿6184万3842元	查看统计
2016102	2016-08-31(三)	03 05 06 34 35 	03 12 	177,794,219	0	0	55	155,538	34亿4935万3717元	查看统计
2016101	2016-08-29(一)	04 06 28 33 35 	07 12 	176,690,621	1	10,000,000	24	379,420	34亿0515万4941元	查看统计
2016100	2016-08-27(六)	08 12 19 26 30 	02 12 	194,558,808	1	10,000,000	145	67,260	33亿7247万0173元	查看统计
2016099	2016-08-24(三)	03 04 12 14 27 	01 05 	176,499,869	1	10,000,000	41	229,363	33亿3712万5371元	查看统计
2016098	2016-08-22(一)	08 09 11 20 29 	04 05 	174,126,611	4	7,630,986	101	56,705	33亿0992万8561元	查看统计
2016097	2016-08-20(六)	06 08 18 31 33 	10 12 	194,470,665	1	10,000,000	55	182,570	33亿1851万6210元	查看统计
2016096	2016-08-17(三)	01 06 08 12 21 	05 10 	176,201,944	5	7,280,272	63	123,759	32亿7983万0819元	查看统计
2016095	2016-08-15(一)	08 12 18 19 21 	03 06 	172,149,445	2	9,779,074	93	71,663	32亿9661万3494元	查看统计
2016094	2016-08-13(六)	01 14 16 17 18 	05 07 	193,668,600	7	7,651,464	47	180,781	32亿9314万9627元	查看统计
2016093	2016-08-10(三)	01 08 14 30 35 	06 07 	174,774,485	5	8,033,290	104	68,481	33亿0550万2727元	查看统计
2016092	2016-08-08(一)	02 13 31 33 34 	07 11 	175,425,164	2	10,000,000	44	172,219	33亿1119万9962元	查看统计
2016091	2016-08-06(六)	08 13 17 21 22 	02 08 	194,108,585	3	10,000,000	43	193,067	32亿9015万4296元	查看统计
2016090	2016-08-03(三)	04 06 08 28 32 	07 12 	177,705,779	1	10,000,000	40	228,071	32亿7735万7768元	查看统计
2016089	2016-08-01(一)	07 14 17 28 34 	07 10 	173,986,818	0	0	57	143,575	32亿4592万4700元	查看统计
2016088	2016-07-30(六)	04 06 17 21 30 	06 11 	191,906,681	1	10,000,000	52	157,378	32亿0644万1463元	查看统计
2016087	2016-07-27(三)	03 16 17 23 25 	07 09 	173,941,407	2	10,000,000	57	138,645	31亿7840万8229元	查看统计
2016086	2016-07-25(一)	03 05 22 25 30 	07 09 	170,252,092	2	10,000,000	45	163,813	31亿6524万0870元	查看统计
2016085	2016-07-23(六)	14 15 27 31 32 	01 07 	188,292,705	47	5,355,451	97	76,135	31亿5438万2762元	查看统计
2016084	2016-07-20(三)	08 12 15 26 35 	01 08 	168,397,590	0	0	35	244,199	33亿7903万4576元	查看统计
2016083	2016-07-18(一)	01 05 09 33 35 	01 05 	172,863,465	6	7,073,427	87	71,429	33亿3731万7109元	查看统计
2016082	2016-07-16(六)	03 08 23 28 29 	02 07 	189,939,641	6	7,670,901	76	102,289	33亿5431万6977元	查看统计
2016081	2016-07-13(三)	06 07 18 21 33 	03 08 	171,324,058	1	10,000,000	75	94,118	33亿6488万1401元	查看统计
2016080	2016-07-11(一)	15 20 29 30 33 	07 12 	173,241,722	4	9,120,909	54	133,795	33亿3676万3346元	查看统计
2016079	2016-07-09(六)	07 14 15 20 27 	05 10 	192,640,889	2	10,000,000	61	145,812	33亿3578万4172元	查看统计
2016078	2016-07-06(三)	07 18 29 31 35 	05 11 	176,031,216	1	10,000,000	48	150,604	33亿1633万9129元	查看统计
2016077	2016-07-04(一)	09 11 14 16 35 	02 05 	174,576,074	1	10,000,000	24	362,071	32亿9054万6304元	查看统计
2016076	2016-07-02(六)	03 08 10 17 31 	05 06 	196,154,295	4	9,767,946	51	173,379	32亿5981万3305元	查看统计
2016075	2016-06-29(三)	03 07 17 22 31 	08 12 	176,883,798	4	9,256,229	54	163,291	32亿5554万0118元	查看统计
2016074	2016-06-27(一)	01 05 07 11 14 	03 08 	175,722,061	0	0	29	308,116	32亿5362万1821元	查看统计
2016073	2016-06-25(六)	07 14 17 24 27 	08 10 	194,352,348	9	6,617,923	216	35,457	32亿1253万9589元	查看统计
2016072	2016-06-22(三)	16 20 24 26 31 	04 09 	175,717,401	2	10,000,000	37	196,081	32亿4430万0482元	查看统计
2016071	2016-06-20(一)	08 15 19 20 33 	07 12 	175,417,801	0	0	85	90,176	32亿2818万8881元	查看统计
2016070	2016-06-18(六)	02 09 13 19 23 	05 07 	197,159,296	2	10,000,000	57	154,856	31亿8836万1100元	查看统计
2016069	2016-06-15(三)	14 17 19 23 30 	02 09 	178,476,614	0	0	43	172,894	31亿6867万8368元	查看统计
2016068	2016-06-13(一)	05 07 22 26 34 	07 12 	177,410,817	2	10,000,000	73	105,067	31亿3035万3378元	查看统计
2016067	2016-06-11(六)	02 08 11 13 19 	02 08 	193,116,655	7	6,834,426	61	118,226	31亿1235万3931元	查看统计
2016066	2016-06-08(三)	10 28 29 31 33 	05 11 	174,801,414	2	10,000,000	46	218,229	31亿3420万9189元	查看统计
2016065	2016-06-06(一)	01 09 18 22 24 	11 12 	181,371,568	2	10,000,000	38	225,905	31亿1074万5172元	查看统计
2016064	2016-06-04(六)	01 02 10 18 35 	05 11 	203,000,672	1	10,000,000	81	118,266	30亿9137万5735元	查看统计
2016063	2016-06-01(三)	08 12 22 27 35 	05 09 	183,210,569	14	9,345,376	64	124,023	30亿4874万7028元	查看统计
2016062	2016-05-30(一)	02 10 14 15 35 	01 09 	188,425,995	1	10,000,000	68	135,737	31亿3205万9059元	查看统计
2016061	2016-05-28(六)	09 15 17 21 23 	07 12 	215,033,704	3	13,333,333	52	192,296	30亿9375万9024元	查看统计
2016060	2016-05-25(三)	02 06 22 27 34 	08 11 	196,515,573	1	15,000,000	22	400,797	30亿7703万7661元	查看统计
2016059	2016-05-23(一)	02 10 27 28 33 	05 07 	202,819,144	2	15,000,000	61	143,169	30亿4327万1917元	查看统计
2016058	2016-05-21(六)	02 15 17 23 28 	05 09 	229,058,692	4	11,654,117	41	250,353	30亿1471万3549元	查看统计
2016057	2016-05-18(三)	08 17 19 23 30 	03 08 	213,023,494	7	9,768,594	93	89,132	30亿0940万2657元	查看统计
2016056	2016-05-16(一)	10 12 14 31 35 	04 05 	210,790,992	3	15,000,000	86	99,307	30亿3244万3827元	查看统计
2016055	2016-05-14(六)	06 21 27 30 34 	04 09 	226,059,390	1	15,000,000	52	158,077	30亿1519万0001元	查看统计
2016054	2016-05-11(三)	02 05 09 21 30 	06 07 	205,932,685	1	15,000,000	58	141,766	29亿7908万3994元	查看统计
2016053	2016-05-09(一)	04 13 15 30 35 	03 05 	201,842,185	0	0	36	232,271	29亿4490万0065元	查看统计
2016052	2016-05-07(六)	08 14 19 20 33 	10 11 	223,301,686	3	14,927,164	166	52,598	28亿9902万6352元	查看统计
2016051	2016-05-04(三)	16 21 23 24 32 	07 08 	207,454,874	1	15,000,000	26	321,949	28亿9368万8412元	查看统计
2016050	2016-05-02(一)	07 17 21 29 35 	04 05 	188,690,604	0	0	41	199,431	28亿6193万2628元	查看统计
2016049	2016-04-30(六)	03 04 05 27 33 	04 09 	225,571,411	3	12,777,777	31	309,766	28亿1539万8495元	查看统计
2016048	2016-04-27(三)	04 12 17 25 27 	04 10 	211,943,223	7	8,182,563	364	15,478	27亿9667万3004元	查看统计
2016047	2016-04-25(一)	02 03 23 29 32 	05 09 	209,248,189	2	15,000,000	63	151,835	28亿1845万8597元	查看统计
2016046	2016-04-23(六)	03 19 22 32 34 	08 12 	234,063,155	1	15,000,000	51	210,082	28亿0225万0699元	查看统计
2016045	2016-04-20(三)	07 11 25 30 33 	02 08 	208,877,948	2	15,000,000	79	84,640	27亿5185万1987元	查看统计
2016044	2016-04-18(一)	01 06 10 20 31 	05 11 	209,144,746	1	15,000,000	38	220,169	27亿4173万8778元	查看统计
2016043	2016-04-16(六)	01 09 16 33 34 	09 12 	228,715,316	2	15,000,000	55	200,654	27亿0256万7559元	查看统计
2016042	2016-04-13(三)	02 06 08 19 24 	01 06 	214,155,413	6	10,282,208	34	306,819	26亿6454万4915元	查看统计
2016041	2016-04-11(一)	12 23 24 27 34 	03 06 	181,468,695	4	8,286,971	57	142,554	26亿6590万1627元	查看统计
2016040	2016-04-09(六)	20 22 29 30 35 	01 06 	195,762,857	2	10,000,000	98	98,591	26亿7014万7850元	查看统计
2016039	2016-04-06(三)	01 08 16 22 28 	04 05 	175,964,032	1	10,000,000	128	56,639	26亿4496万0121元	查看统计
2016038	2016-04-04(一)	03 07 09 15 33 	05 12 	162,789,486	1	10,000,000	28	290,425	26亿1979万6551元	查看统计
2016037	2016-04-02(六)	03 05 13 24 34 	03 05 	190,154,993	4	9,893,072	39	250,605	25亿9155万7138元	查看统计
2016036	2016-03-30(三)	07 15 26 30 31 	03 06 	178,303,412	2	10,000,000	65	111,495	25亿8664万6951元	查看统计
2016035	2016-03-28(一)	17 22 24 25 29 	09 12 	176,183,863	0	0	33	269,315	25亿6976万0622元	查看统计
2016034	2016-03-26(六)	14 18 31 32 35 	09 10 	196,686,078	3	10,000,000	38	263,586	25亿2936万3336元	查看统计
2016033	2016-03-23(三)	03 14 15 31 35 	09 10 	176,664,030	2	10,000,000	54	147,384	25亿1169万8040元	查看统计
2016032	2016-03-21(一)	05 09 14 20 33 	05 12 	177,132,305	2	10,000,000	57	161,918	24亿9300万9722元	查看统计
2016031	2016-03-19(六)	03 14 24 27 29 	04 11 	199,452,289	3	10,000,000	65	157,334	24亿7691万0786元	查看统计
2016030	2016-03-16(三)	10 19 21 29 33 	04 06 	177,689,118	5	7,316,928	66	117,400	24亿6597万2725元	查看统计
2016029	2016-03-14(一)	20 26 27 29 32 	05 12 	171,706,268	3	8,208,990	46	119,796	24亿7992万0749元	查看统计
2016028	2016-03-12(六)	13 18 20 23 31 	03 06 	189,419,722	2	10,000,000	37	212,750	24亿8321万7739元	查看统计
2016027	2016-03-09(三)	06 11 13 15 28 	02 06 	165,730,671	1	10,000,000	39	200,386	24亿6350万4249元	查看统计
2016026	2016-03-07(一)	02 06 29 30 34 	01 07 	172,906,063	2	10,000,000	33	286,308	24亿3743万4650元	查看统计
2016025	2016-03-05(六)	03 06 13 23 24 	07 10 	189,993,749	7	6,817,484	107	60,565	24亿1448万8420元	查看统计
2016024	2016-03-02(三)	01 02 11 15 18 	04 08 	175,020,852	3	10,000,000	31	293,421	24亿3490万8381元	查看统计
2016023	2016-02-29(一)	04 09 14 25 27 	06 11 	172,348,704	3	9,980,529	37	244,498	24亿2334万0376元	查看统计
2016022	2016-02-27(六)	04 18 21 30 35 	02 11 	189,772,716	5	8,322,614	53	171,287	24亿1852万0496元	查看统计
2016021	2016-02-24(三)	01 04 09 10 35 	09 11 	172,707,771	3	10,000,000	21	432,296	24亿2330万2041元	查看统计
2016020	2016-02-22(一)	01 16 22 29 30 	02 09 	171,343,959	3	10,000,000	45	169,545	24亿1391万0892元	查看统计
2016019	2016-02-20(六)	04 11 15 20 26 	08 09 	190,202,047	4	8,500,974	111	64,495	24亿0406万7663元	查看统计
2016018	2016-02-17(三)	05 10 13 27 33 	08 11 	168,872,599	9	6,595,943	81	75,696	24亿0657万1046元	查看统计
2016017	2016-02-15(一)	11 18 24 28 29 	05 10 	164,715,457	1	10,000,000	32	203,318	24亿3507万1508元	查看统计
2016016	2016-02-06(六)	03 10 22 29 32 	02 05 	219,513,959	0	0	110	97,760	24亿1237万1190元	查看统计
2016015	2016-02-03(三)	01 04 10 13 30 	03 09 	175,834,905	1	10,000,000	50	126,080	23亿5827万6843元	查看统计
2016014	2016-02-01(一)	06 08 21 24 27 	02 10 	167,498,517	1	10,000,000	37	218,384	23亿3696万6940元	查看统计
2016013	2016-01-30(六)	03 21 23 31 35 	02 11 	196,083,786	4	9,581,482	40	246,681	23亿0838万5677元	查看统计
2016012	2016-01-27(三)	05 07 11 23 28 	03 12 	174,347,733	3	9,927,745	68	120,953	23亿0456万3180元	查看统计
2016011	2016-01-25(一)	02 08 10 15 23 	05 10 	165,598,768	4	8,455,618	48	152,113	22亿9998万5144元	查看统计
2016010	2016-01-23(六)	12 13 15 16 28 	02 05 	186,070,936	6	7,946,166	32	274,772	23亿0275万4070元	查看统计
2016009	2016-01-20(三)	05 08 10 17 20 	02 12 	176,511,721	2	10,000,000	55	127,973	23亿1100万6265元	查看统计
2016008	2016-01-18(一)	05 12 31 34 35 	04 05 	178,354,713	3	8,861,198	76	84,999	22亿9840万0864元	查看统计
2016007	2016-01-16(六)	02 05 14 32 35 	01 03 	202,035,521	0	0	39	303,989	22亿9870万9549元	查看统计
2016006	2016-01-13(三)	14 16 17 22 24 	02 09 	180,497,252	3	9,007,208	31	298,056	22亿4703万1342元	查看统计
2016005	2016-01-11(一)	06 09 12 15 20 	08 11 	169,105,644	6	6,921,443	123	43,518	22亿4655万0937元	查看统计
2016004	2016-01-09(六)	10 20 23 32 35 	09 10 	191,871,662	1	10,000,000	41	221,591	22亿6494万3524元	查看统计
2016003	2016-01-06(三)	04 12 17 22 26 	06 07 	175,147,656	3	8,789,527	59	126,551	22亿2767万0567元	查看统计
2016002	2016-01-04(一)	07 12 18 25 35 	07 09 	173,986,996	2	10,000,000	91	76,006	22亿2841万3817元	查看统计
2016001	2016-01-02(六)	01 07 19 20 30 	05 10 	191,171,493	0	0	83	90,901	22亿1066万3926元	查看统计
2015153	2015-12-30(三)	01 07 22 27 33 	02 11 	177,341,413	3	9,835,181	52	183,393	21亿7468万1996元	查看统计
2015152	2015-12-28(一)	04 05 22 29 35 	02 11 	173,577,818	1	10,000,000	34	270,382	21亿6983万5751元	查看统计
2015151	2015-12-26(六)	15 16 18 30 35 	01 07 	197,782,412	2	10,000,000	45	194,264	21亿3747万5851元	查看统计
2015150	2015-12-23(三)	04 13 18 25 33 	03 07 	175,439,825	4	8,586,173	58	120,005	21亿1830万9429元	查看统计
2015149	2015-12-21(一)	04 06 10 12 28 	02 08 	172,292,839	1	10,000,000	41	191,574	21亿2005万2540元	查看统计
2015148	2015-12-19(六)	08 11 27 31 33 	08 09 	186,856,040	3	8,288,276	36	207,954	20亿9062万0190元	查看统计
2015147	2015-12-16(三)	01 02 13 18 19 	08 10 	167,621,529	0	0	149	39,141	20亿9453万1807元	查看统计
2015146	2015-12-14(一)	04 15 19 27 31 	04 11 	168,450,253	8	7,328,084	62	137,282	20亿5888万0835元	查看统计
2015145	2015-12-12(六)	06 07 20 29 32 	11 12 	186,825,762	0	0	60	143,786	20亿7517万6701元	查看统计
2015144	2015-12-09(三)	01 09 24 26 29 	06 11 	164,903,129	6	7,225,565	53	142,351	20亿3168万1187元	查看统计
2015143	2015-12-07(一)	09 20 31 33 35 	10 11 	170,425,278	0	0	38	219,379	20亿4728万6906元	查看统计
2015142	2015-12-05(六)	12 14 22 26 30 	03 06 	178,123,661	1	10,000,000	35	236,599	20亿0651万8972元	查看统计
2015141	2015-12-02(三)	02 04 15 19 31 	02 03 	169,075,319	2	10,000,000	37	214,588	19亿8269万1329元	查看统计
2015140	2015-11-30(一)	01 11 15 26 35 	06 11 	166,263,824	2	10,000,000	40	203,372	19亿6424万4295元	查看统计
2015139	2015-11-28(六)	02 03 05 25 32 	05 07 	183,764,171	3	9,633,388	55	170,653	19亿4729万8377元	查看统计
2015138	2015-11-25(三)	01 16 20 29 32 	04 07 	165,225,737	1	10,000,000	19	458,746	19亿4353万0802元	查看统计
2015137	2015-11-23(一)	14 17 21 23 26 	08 11 	163,579,669	6	6,668,934	163	33,527	19亿1262万5918元	查看统计
2015136	2015-11-21(六)	05 20 23 29 32 	02 10 	183,355,072	0	0	29	313,506	19亿3160万6870元	查看统计
2015135	2015-11-18(三)	05 16 20 25 29 	06 08 	169,937,109	3	8,326,096	55	103,016	18亿8588万7140元	查看统计
2015134	2015-11-16(一)	01 02 06 15 35 	04 07 	166,723,168	1	10,000,000	44	166,325	18亿8864万7564元	查看统计
2015133	2015-11-14(六)	03 07 08 25 30 	04 08 	183,154,237	2	10,000,000	65	107,549	18亿6441万2215元	查看统计
2015132	2015-11-11(三)	03 08 14 18 27 	01 05 	167,451,867	4	7,217,938	73	77,107	18亿4721万8046元	查看统计
2015131	2015-11-09(一)	11 17 19 20 27 	02 03 	165,318,307	1	10,000,000	34	258,876	18亿5984万5621元	查看统计
2015130	2015-11-07(六)	17 25 31 32 34 	02 12 	180,690,724	0	0	42	224,534	18亿2928万8227元	查看统计
2015129	2015-11-04(三)	01 06 23 25 29 	03 09 	168,098,239	0	0	47	162,217	17亿8774万9312元	查看统计
2015128	2015-11-02(一)	10 12 23 30 32 	03 04 	163,647,991	0	0	58	140,554	17亿4584万3042元	查看统计
2015127	2015-10-31(六)	09 11 14 19 30 	03 08 	177,658,247	2	10,000,000	51	150,417	17亿0730万7787元	查看统计
2015126	2015-10-28(三)	04 05 08 09 21 	03 06 	167,281,836	2	10,000,000	39	193,674	16亿8857万5292元	查看统计
2015125	2015-10-26(一)	02 03 15 17 28 	08 10 	161,220,270	0	0	66	103,509	16亿7680万8840元	查看统计
2015124	2015-10-24(六)	04 06 12 31 32 	03 06 	178,740,598	1	10,000,000	46	183,164	16亿4446万2021元	查看统计
2015123	2015-10-21(三)	04 15 27 29 30 	02 10 	162,261,394	2	10,000,000	29	279,909	16亿1757万1033元	查看统计
2015122	2015-10-19(一)	11 13 15 26 35 	06 11 	163,688,001	1	10,000,000	36	222,914	15亿9815万0469元	查看统计
2015121	2015-10-17(六)	02 04 17 27 28 	04 06 	183,528,820	1	10,000,000	65	124,178	15亿7402万5843元	查看统计
2015120	2015-10-14(三)	01 09 15 24 32 	05 10 	163,693,770	12	5,286,036	146	15,000	15亿4294万3366元	查看统计
2015119	2015-10-12(一)	01 08 12 16 21 	06 11 	161,118,237	2	10,000,000	73	99,442	16亿1248万2645元	查看统计
2015118	2015-10-10(六)	03 07 20 24 31 	04 09 	179,404,233	1	10,000,000	35	234,588	15亿9850万6448元	查看统计
2015117	2015-10-07(三)	06 17 20 30 33 	10 11 	150,716,634	1	10,000,000	27	282,630	15亿7194万9674元	查看统计
2015116	2015-10-05(一)	07 10 19 24 33 	03 07 	140,096,862	1	10,000,000	107	57,318	15亿4662万0811元	查看统计
2015115	2015-10-03(六)	08 12 13 14 16 	03 09 	156,838,517	2	10,000,000	51	132,995	15亿2490万4832元	查看统计
2015114	2015-09-30(三)	09 18 24 31 34 	02 10 	153,812,339	2	10,000,000	30	287,412	15亿1232万0825元	查看统计
2015113	2015-09-28(一)	01 14 21 29 33 	02 10 	155,983,901	1	10,000,000	55	133,177	14亿9136万4543元	查看统计
2015112	2015-09-26(六)	04 05 15 19 28 	04 11 	173,737,414	12	6,132,899	72	83,506	14亿6618万3380元	查看统计
2015111	2015-09-23(三)	07 08 16 24 28 	03 10 	155,902,332	1	10,000,000	42	145,692	15亿0888万0896元	查看统计
2015110	2015-09-21(一)	02 07 10 22 30 	07 11 	156,934,105	3	8,796,319	78	91,163	14亿9501万4019元	查看统计
2015109	2015-09-19(六)	01 06 11 22 31 	03 12 	175,266,499	1	10,000,000	29	292,108	14亿9572万0964元	查看统计
2015108	2015-09-16(三)	01 13 16 26 31 	07 12 	161,998,296	1	10,000,000	32	250,464	14亿6239万1575元	查看统计
2015107	2015-09-14(一)	03 23 25 28 29 	06 07 	156,081,037	2	9,681,100	72	74,257	14亿3336万0911元	查看统计
2015106	2015-09-12(六)	02 11 13 22 30 	02 03 	177,777,720	3	10,000,000	77	109,179	14亿3087万0722元	查看统计
2015105	2015-09-09(三)	08 09 15 21 27 	05 09 	158,749,270	8	6,255,530	79	76,255	14亿2092万9062元	查看统计
2015104	2015-09-07(一)	16 19 25 30 34 	04 09 	160,775,788	4	9,165,291	33	233,023	14亿5631万0407元	查看统计
2015103	2015-09-05(六)	07 09 15 25 34 	04 10 	171,173,990	4	8,219,715	45	144,777	14亿5510万5281元	查看统计
2015102	2015-09-02(三)	11 14 15 33 34 	03 12 	162,086,829	3	10,000,000	42	198,786	14亿5925万5310元	查看统计
2015101	2015-08-31(一)	06 12 17 18 32 	07 12 	158,243,139	2	10,000,000	60	113,139	14亿4999万4950元	查看统计
2015100	2015-08-29(六)	09 15 18 23 32 	05 07 	178,385,394	0	0	66	119,913	14亿3979万0281元	查看统计
2015099	2015-08-26(三)	09 12 14 22 25 	05 10 	163,494,555	1	10,000,000	60	118,781	14亿0171万7848元	查看统计
2015098	2015-08-24(一)	09 14 21 27 33 	06 09 	158,809,204	5	7,392,129	123	44,562	13亿7608万3288元	查看统计
2015097	2015-08-22(六)	04 16 17 26 27 	01 04 	177,707,072	11	5,995,473	295	20,461	13亿8586万0648元	查看统计
2015096	2015-08-19(三)	03 09 12 18 21 	02 06 	160,650,698	4	8,099,057	76	82,721	14亿3588万3288元	查看统计
2015095	2015-08-17(一)	08 14 26 34 35 	05 10 	154,621,807	2	10,000,000	51	95,306	14亿4073万9717元	查看统计
2015094	2015-08-15(六)	02 03 10 11 29 	03 07 	173,594,229	5	7,249,018	57	141,399	14亿3524万5222元	查看统计
2015093	2015-08-12(三)	16 17 25 26 27 	02 04 	156,928,961	3	8,805,364	95	53,680	14亿5106万3553元	查看统计
2015092	2015-08-10(一)	02 14 21 27 34 	05 08 	152,197,701	2	10,000,000	41	169,675	14亿5153万3975元	查看统计
2015091	2015-08-08(六)	02 07 28 29 30 	03 07 	169,440,511	12	5,702,251	91	60,709	14亿4388万1668元	查看统计
2015090	2015-08-05(三)	06 09 11 17 21 	06 08 	155,099,232	4	8,039,435	76	84,924	15亿1286万6237元	查看统计
2015089	2015-08-03(一)	05 12 18 20 27 	10 12 	150,454,358	0	0	59	127,971	15亿1807万1721元	查看统计
2015088	2015-08-01(六)	05 15 28 31 34 	11 12 	169,930,972	2	10,000,000	24	381,203	14亿8341万2687元	查看统计
2015087	2015-07-29(三)	02 05 15 17 22 	01 11 	155,740,439	2	10,000,000	29	261,627	14亿7062万1295元	查看统计
2015086	2015-07-27(一)	05 09 11 15 32 	04 09 	150,984,971	2	9,941,256	51	90,748	14亿6446万7336元	查看统计
2015085	2015-07-25(六)	02 03 04 06 16 	03 12 	170,011,903	1	10,000,000	43	211,670	14亿6188万9590元	查看统计
2015084	2015-07-22(三)	10 20 21 32 34 	06 07 	156,104,489	2	10,000,000	56	112,914	14亿2655万6903元	查看统计
2015083	2015-07-20(一)	14 16 19 25 29 	10 12 	155,306,617	1	10,000,000	28	283,125	14亿1399万9921元	查看统计
2015082	2015-07-18(六)	08 15 28 31 33 	03 06 	171,399,172	0	0	73	95,920	13亿8672万1781元	查看统计
2015081	2015-07-15(三)	03 04 10 13 17 	05 09 	156,405,464	3	9,998,951	28	258,864	13亿5490万8004元	查看统计
2015080	2015-07-13(一)	14 20 29 30 32 	03 08 	153,920,898	19	5,197,889	107	18,135	13亿5082万1094元	查看统计
2015079	2015-07-11(六)	01 09 17 23 24 	04 05 	171,422,165	2	10,000,000	43	185,287	14亿4958万2407元	查看统计
2015078	2015-07-08(三)	19 24 26 28 33 	01 02 	161,483,265	1	10,000,000	31	288,085	14亿3912万0707元	查看统计
2015077	2015-07-06(一)	01 16 17 22 28 	02 09 	157,870,045	3	9,859,169	68	83,173	14亿1070万7518元	查看统计
2015076	2015-07-04(六)	03 19 21 31 34 	05 12 	177,379,432	3	10,000,000	35	249,391	14亿0715万4321元	查看统计
2015075	2015-07-01(三)	13 14 26 27 33 	10 12 	160,238,358	1	10,000,000	28	277,900	14亿0054万9959元	查看统计
2015074	2015-06-29(一)	01 12 21 27 33 	04 09 	160,608,454	0	0	26	309,662	13亿6979万1223元	查看统计
2015073	2015-06-27(六)	09 26 27 30 34 	01 06 	179,205,990	4	8,771,668	43	186,288	13亿2850万2863元	查看统计
2015072	2015-06-24(三)	19 20 21 31 33 	09 10 	171,587,332	18	6,099,470	255	21,892	13亿2942万1453元	查看统计
2015071	2015-06-22(一)	04 06 13 16 34 	04 10 	163,767,077	2	15,000,000	58	125,216	14亿3149万5361元	查看统计
2015070	2015-06-20(六)	03 09 12 17 18 	04 12 	182,602,893	1	15,000,000	56	162,612	14亿1466万0916元	查看统计
2015069	2015-06-17(三)	02 09 11 22 25 	01 07 	169,115,808	7	11,772,403	120	50,393	13亿8143万2966元	查看统计
2015068	2015-06-15(一)	02 03 20 31 35 	04 08 	169,586,611	3	15,000,000	27	348,239	14亿0228万8984元	查看统计
2015067	2015-06-13(六)	04 10 18 24 27 	04 11 	188,803,797	7	12,405,864	87	100,741	13亿9301万7834元	查看统计
2015066	2015-06-10(三)	01 03 07 13 29 	02 10 	174,501,895	1	15,000,000	35	277,368	14亿0774万6553元	查看统计
2015065	2015-06-08(一)	04 05 07 13 35 	08 11 	168,372,417	2	15,000,000	48	160,379	13亿7174万9617元	查看统计
2015064	2015-06-06(六)	02 08 20 28 31 	07 10 	186,654,146	3	14,677,929	64	129,013	13亿5885万7647元	查看统计
2015063	2015-06-03(三)	01 04 06 34 35 	02 04 	173,199,270	0	0	40	260,988	13亿5542万4220元	查看统计
2015062	2015-06-01(一)	06 07 13 14 15 	01 04 	167,993,435	1	15,000,000	62	156,532	13亿0931万6213元	查看统计
2015061	2015-05-30(六)	06 07 08 16 22 	02 10 	188,282,124	5	13,020,321	66	118,278	12亿7535万6607元	查看统计
2015060	2015-05-27(三)	16 24 25 26 33 	04 11 	177,925,335	7	12,205,019	64	114,390	12亿8182万9945元	查看统计
2015059	2015-05-25(一)	07 09 19 23 32 	01 03 	171,661,517	1	15,000,000	69	101,924	12亿9718万5228元	查看统计
2015058	2015-05-23(六)	10 14 20 27 30 	07 12 	191,940,346	1	15,000,000	33	261,318	12亿7241万5378元	查看统计
2015057	2015-05-20(三)	01 05 07 14 26 	04 06 	178,811,732	0	0	39	180,771	12亿3929万7755元	查看统计
2015056	2015-05-18(一)	06 12 19 26 35 	03 10 	175,035,185	5	8,023,380	45	198,149	12亿0314万3440元	查看统计
2015055	2015-05-16(六)	06 11 14 20 30 	05 10 	193,677,838	9	10,153,578	90	64,180	12亿1028万6220元	查看统计
2015054	2015-05-13(三)	02 09 15 24 34 	03 09 	184,055,388	7	11,893,459	100	83,843	12亿4529万2482元	查看统计
2015053	2015-05-11(一)	08 25 28 29 32 	04 07 	172,582,965	3	14,529,078	65	121,164	12亿6808万5740元	查看统计
2015052	2015-05-09(六)	13 19 24 27 29 	07 08 	196,811,203	1	15,000,000	78	121,149	12亿6533万4320元	查看统计
2015051	2015-05-06(三)	01 02 11 16 21 	01 05 	185,896,288	2	15,000,000	88	96,353	12亿3711万4602元	查看统计
2015050	2015-05-04(一)	06 07 10 20 28 	02 07 	161,208,064	3	8,749,315	232	19,526	12亿1431万7771元	查看统计
2015049	2015-05-02(六)	08 09 11 15 22 	08 10 	167,521,507	2	10,000,000	45	173,163	12亿1500万2201元	查看统计
2015048	2015-04-29(三)	10 11 22 24 33 	02 09 	160,313,095	4	7,786,959	42	168,906	12亿0160万7522元	查看统计
2015047	2015-04-27(一)	01 02 17 23 31 	05 12 	161,867,018	2	10,000,000	80	90,656	12亿0916万2914元	查看统计
2015046	2015-04-25(六)	05 07 10 22 26 	04 10 	176,335,782	9	6,089,599	146	38,854	11亿9723万8200元	查看统计
2015045	2015-04-22(三)	08 09 22 29 30 	08 12 	163,552,645	3	8,781,839	197	29,586	12亿3626万1155元	查看统计
2015044	2015-04-20(一)	16 18 27 31 33 	01 03 	160,136,919	0	0	63	126,723	12亿3693万3448元	查看统计
2015043	2015-04-18(六)	02 20 22 25 29 	02 07 	179,164,202	2	10,000,000	38	221,391	12亿0145万0734元	查看统计
2015042	2015-04-15(三)	03 07 12 17 24 	02 11 	160,724,766	5	7,367,374	74	83,501	11亿7864万8370元	查看统计
2015041	2015-04-13(一)	01 11 21 23 28 	01 10 	157,324,325	21	5,397,755	149	42,414	11亿8977万5444元	查看统计
2015040	2015-04-11(六)	02 09 10 23 35 	09 12 	174,893,028	1	10,000,000	55	146,158	13亿3806万9698元	查看统计
2015039	2015-04-08(三)	03 06 07 16 25 	01 06 	156,374,573	0	0	46	168,727	13亿1055万5606元	查看统计
2015038	2015-04-06(一)	12 19 22 31 35 	07 08 	144,104,641	2	10,000,000	65	119,378	12亿7568万5338元	查看统计
2015037	2015-04-04(六)	10 16 21 28 31 	07 08 	166,837,072	2	10,000,000	74	102,228	12亿6666万7677元	查看统计
2015036	2015-04-01(三)	14 18 20 23 24 	04 08 	154,432,386	1	10,000,000	32	209,153	12亿5156万9256元	查看统计
2015035	2015-03-30(一)	22 24 29 30 35 	01 10 	158,651,414	2	10,000,000	88	79,623	12亿3002万2011元	查看统计
2015034	2015-03-28(六)	04 08 15 18 26 	05 09 	177,041,373	5	7,831,863	73	99,655	12亿1883万6194元	查看统计
2015033	2015-03-25(三)	03 17 22 26 28 	03 07 	157,398,348	0	0	44	145,171	12亿2665万2726元	查看统计
2015032	2015-03-23(一)	06 21 25 27 30 	07 11 	154,307,257	2	10,000,000	62	100,026	11亿9604万5799元	查看统计
2015031	2015-03-21(六)	07 21 29 32 33 	04 12 	174,951,434	3	10,000,000	60	132,219	11亿8520万4347元	查看统计
2015030	2015-03-18(三)	09 18 19 26 31 	02 05 	155,910,978	1	10,000,000	76	81,195	11亿7719万1244元	查看统计
2015029	2015-03-16(一)	07 10 19 30 35 	03 05 	156,821,118	0	0	74	84,674	11亿5620万1713元	查看统计
2015028	2015-03-14(六)	03 09 28 32 33 	09 10 	168,916,049	4	7,727,358	107	55,009	11亿2543万6730元	查看统计
2015027	2015-03-11(三)	05 21 22 25 28 	03 10 	152,329,023	1	10,000,000	48	144,395	11亿3246万9279元	查看统计
2015026	2015-03-09(一)	11 13 14 15 22 	02 08 	148,668,212	6	6,864,076	37	161,249	11亿0817万5348元	查看统计
2015025	2015-03-07(六)	07 10 20 22 27 	10 11 	165,356,211	2	10,000,000	57	125,572	11亿2709万3621元	查看统计
2015024	2015-03-04(三)	02 06 08 16 34 	03 04 	145,281,488	0	0	26	273,733	11亿1036万3550元	查看统计
2015023	2015-03-02(一)	06 09 11 12 22 	03 11 	145,197,189	1	10,000,000	83	71,350	10亿7523万4387元	查看统计
2015022	2015-02-28(六)	09 11 14 15 26 	11 12 	175,842,569	0	0	33	257,531	10亿5235万3522元	查看统计
2015021	2015-02-25(三)	22 23 24 26 31 	05 06 	154,390,777	0	0	43	157,272	10亿1114万8456元	查看统计
2015020	2015-02-16(一)	11 26 28 29 32 	01 04 	179,938,437	21	5,865,102	49	180,170	9亿7510万6845元	查看统计
2015019	2015-02-14(六)	02 08 16 22 24 	01 03 	202,001,607	1	10,000,000	49	254,839	10亿5698万5003元	查看统计
2015018	2015-02-11(三)	04 07 10 23 31 	03 07 	183,587,012	1	10,000,000	113	82,211	10亿1304万4053元	查看统计
2015017	2015-02-09(一)	07 13 16 17 29 	01 07 	178,974,941	1	10,000,000	75	116,974	9亿8063万6543元	查看统计
2015016	2015-02-07(六)	06 07 16 20 34 	09 11 	208,262,620	0	0	164	49,292	9亿4940万3008元	查看统计
2015015	2015-02-04(三)	01 05 13 17 32 	04 11 	181,763,862	8	5,905,475	79	46,370	9亿0105万5602元	查看统计
2015014	2015-02-02(一)	08 16 25 29 35 	03 10 	181,227,543	3	10,000,000	50	175,328	9亿3414万4755元	查看统计
2015013	2015-01-31(六)	11 15 25 28 35 	07 10 	197,604,688	0	0	40	226,781	9亿2279万6421元	查看统计
2015012	2015-01-28(三)	03 04 06 11 31 	05 09 	175,210,148	2	10,000,000	41	161,425	8亿7762万9027元	查看统计
2015011	2015-01-26(一)	04 13 22 25 30 	01 06 	181,219,178	16	6,211,643	186	42,061	8亿6722万7273元	查看统计
2015010	2015-01-24(六)	02 06 17 30 35 	02 07 	208,415,367	1	10,000,000	58	166,880	9亿2255万3782元	查看统计
2015009	2015-01-21(三)	17 22 26 27 33 	06 10 	188,166,127	0	0	55	158,591	8亿8596万6276元	查看统计
2015008	2015-01-19(一)	07 10 11 15 17 	03 10 	187,348,140	54	5,350,846	88	85,830	8亿3891万7496元	查看统计
2015007	2015-01-17(六)	02 07 08 14 31 	04 08 	207,134,099	2	10,000,000	98	77,735	10亿8480万4698元	查看统计
2015006	2015-01-14(三)	06 08 30 32 33 	03 07 	187,375,191	2	10,000,000	64	122,162	10亿6179万1326元	查看统计
2015005	2015-01-12(一)	11 14 15 18 19 	07 08 	187,061,405	6	7,975,072	69	135,230	10亿5602万2676元	查看统计
2015004	2015-01-10(六)	03 12 14 18 28 	05 06 	211,045,780	3	9,644,205	40	248,150	10亿6330万3937元	查看统计
2015003	2015-01-07(三)	12 19 27 28 34 	01 12 	192,816,707	8	6,794,760	59	156,326	10亿5893万2056元	查看统计
2015002	2015-01-05(一)	03 14 20 26 32 	06 10 	194,417,743	3	10,000,000	90	98,741	10亿9206万4321元	查看统计
2015001	2015-01-03(六)	08 09 19 27 30 	06 07 	216,525,466	11	6,208,747	153	53,300	10亿8486万4825元	查看统计
2014154	2014-12-31(三)	05 12 17 23 28 	02 09 	206,102,484	14	5,913,927	109	81,189	11亿3540万4076元	查看统计
2014153	2014-12-29(一)	01 08 13 24 32 	05 10 	197,278,961	4	9,037,107	68	143,133	12亿1214万0454元	查看统计
2014152	2014-12-27(六)	05 12 18 24 33 	01 05 	220,548,247	3	10,000,000	126	85,285	12亿1142万2140元	查看统计
2014151	2014-12-24(三)	03 08 26 31 32 	08 12 	200,426,121	7	6,987,198	78	98,775	11亿9262万5943元	查看统计
2014150	2014-12-22(一)	19 21 30 33 35 	05 07 	199,620,079	6	7,050,858	67	132,908	12亿1140万4301元	查看统计
2014149	2014-12-20(六)	02 13 19 26 35 	01 05 	223,525,491	23	5,849,579	85	109,364	12亿3434万6541元	查看统计
2014148	2014-12-17(三)	03 09 10 11 20 	07 09 	199,263,390	4	9,318,025	146	57,656	13亿2682万8262元	查看统计
2014147	2014-12-15(一)	05 09 14 26 34 	02 09 	203,455,020	9	6,543,131	58	153,503	13亿2484万5582元	查看统计
2014146	2014-12-13(六)	02 16 23 24 28 	10 11 	254,595,224	2	10,000,000	197	53,974	13亿6127万7738元	查看统计
2014145	2014-12-10(三)	15 19 22 24 26 	10 11 	200,399,143	2	10,000,000	40	271,725	13亿2118万5915元	查看统计
2014144	2014-12-08(一)	01 21 24 25 35 	04 11 	199,169,295	0	0	39	263,431	12亿9046万3839元	查看统计
2014143	2014-12-06(六)	01 11 14 18 25 	06 10 	223,887,126	3	10,000,000	66	183,630	12亿4107万0437元	查看统计
2014142	2014-12-03(三)	18 21 25 28 30 	04 06 	200,197,897	10	6,504,645	107	68,621	12亿1368万5929元	查看统计
2014141	2014-12-01(一)	04 17 20 26 29 	05 08 	201,721,661	5	7,942,185	61	137,838	12亿4453万5901元	查看统计
2014140	2014-11-29(六)	01 19 20 25 34 	07 12 	228,862,423	1	10,000,000	43	307,985	12亿5156万6141元	查看统计
2014139	2014-11-26(三)	03 05 07 15 34 	01 10 	206,237,565	3	10,000,000	33	326,240	12亿0099万5750元	查看统计
2014138	2014-11-24(一)	01 07 29 32 34 	09 12 	204,150,642	4	10,000,000	25	418,179	11亿8561万2824元	查看统计
2014137	2014-11-22(六)	02 11 16 22 34 	02 05 	228,889,406	2	10,000,000	53	175,018	11亿7864万3374元	查看统计
2014136	2014-11-19(三)	04 18 20 34 35 	07 11 	210,035,293	9	6,580,696	77	116,563	11亿5430万5280元	查看统计
2014135	2014-11-17(一)	20 26 28 30 35 	09 12 	207,091,316	2	10,000,000	38	316,405	11亿9195万6659元	查看统计
2014134	2014-11-15(六)	02 05 07 11 32 	09 12 	231,332,680	2	10,000,000	43	244,459	11亿5790万3995元	查看统计
2014133	2014-11-12(三)	02 08 12 14 18 	04 12 	210,539,527	2	10,000,000	250	44,271	11亿2554万8895元	查看统计
2014132	2014-11-10(一)	01 03 04 19 32 	01 07 	207,042,551	2	10,000,000	26	434,759	11亿0399万3932元	查看统计
2014131	2014-11-08(六)	03 16 19 23 27 	03 07 	229,525,923	2	10,000,000	222	36,617	10亿7037万3608元	查看统计
2014130	2014-11-05(三)	02 18 31 32 33 	05 07 	204,087,496	3	9,832,710	65	116,010	10亿4794万6346元	查看统计
2014129	2014-11-03(一)	07 22 28 30 32 	05 06 	203,647,528	1	10,000,000	44	195,460	10亿4380万3747元	查看统计
2014128	2014-11-01(六)	02 04 16 22 34 	08 11 	213,457,949	2	10,000,000	52	221,454	10亿1210万5455元	查看统计
2014127	2014-10-29(三)	02 04 06 15 19 	02 11 	191,283,997	3	10,000,000	28	394,336	9亿8024万8197元	查看统计
2014126	2014-10-27(一)	02 09 22 30 34 	09 10 	188,290,135	1	10,000,000	37	221,647	9亿7328万4763元	查看统计
2014125	2014-10-25(六)	12 15 19 23 31 	04 10 	209,429,406	2	10,000,000	114	77,763	9亿4191万0615元	查看统计
2014124	2014-10-22(三)	01 03 28 29 35 	08 12 	188,069,407	4	8,967,600	27	360,690	9亿2650万1357元	查看统计
2014123	2014-10-20(一)	01 09 12 22 25 	02 09 	185,788,357	3	9,784,550	34	249,870	9亿2624万3050元	查看统计
2014122	2014-10-18(六)	03 10 25 26 35 	01 07 	210,987,138	2	10,000,000	83	115,949	9亿2232万1109元	查看统计
2014121	2014-10-15(三)	13 16 18 22 32 	08 10 	189,841,132	3	9,296,431	64	137,085	9亿0358万4105元	查看统计
2014120	2014-10-13(一)	01 04 06 18 33 	05 11 	177,861,722	2	10,000,000	27	339,635	9亿0161万7720元	查看统计
2014119	2014-10-11(六)	04 08 09 13 18 	08 12 	199,847,525	1	10,000,000	91	93,176	8亿7661万6071元	查看统计
2014118	2014-10-08(三)	02 03 23 24 26 	05 11 	177,771,292	0	0	33	244,438	8亿4849万1203元	查看统计
2014117	2014-10-06(一)	03 14 17 18 33 	06 09 	158,204,520	2	10,000,000	45	133,434	8亿0693万6585元	查看统计
2014116	2014-10-04(六)	06 13 15 24 27 	04 05 	165,743,086	1	10,000,000	63	120,272	7亿9791万4592元	查看统计
2014115	2014-10-01(三)	01 05 26 29 30 	02 10 	149,573,879	2	10,000,000	47	159,698	7亿7002万8734元	查看统计
2014114	2014-09-29(一)	03 16 24 30 33 	05 08 	162,818,645	4	7,238,221	77	74,863	7亿5916万5112元	查看统计
2014113	2014-09-27(六)	02 13 17 19 23 	01 06 	177,747,229	5	7,722,784	57	128,346	7亿7035万2154元	查看统计
2014112	2014-09-24(三)	03 05 14 18 32 	02 10 	161,645,347	2	10,000,000	37	229,873	7亿7894万6121元	查看统计
2014111	2014-09-22(一)	11 16 18 20 29 	03 04 	159,305,669	0	0	32	253,993	7亿6605万9220元	查看统计
2014110	2014-09-20(六)	09 18 19 22 24 	08 11 	176,071,215	1	10,000,000	57	130,823	7亿2901万8440元	查看统计
2014109	2014-09-17(三)	15 18 20 21 23 	01 02 	160,457,788	5	8,560,406	39	218,698	7亿0707万9547元	查看统计
2014108	2014-09-15(一)	01 02 13 23 35 	09 12 	159,408,053	1	10,000,000	65	113,416	7亿0942万2417元	查看统计
2014107	2014-09-13(六)	05 13 14 21 34 	08 10 	181,325,383	1	10,000,000	53	156,845	6亿9101万9482元	查看统计
2014106	2014-09-10(三)	05 09 11 20 22 	05 11 	162,710,870	1	10,000,000	67	100,367	6亿5736万4184元	查看统计
2014105	2014-09-08(一)	04 10 26 29 32 	04 08 	150,824,984	2	10,000,000	54	126,768	6亿3457万7614元	查看统计
2014104	2014-09-06(六)	07 13 14 28 32 	04 11 	176,198,779	5	8,234,166	63	130,673	6亿2161万7813元	查看统计
2014103	2014-09-03(三)	14 20 23 25 26 	10 12 	159,163,558	1	10,000,000	44	199,664	6亿2656万7022元	查看统计
2014102	2014-09-01(一)	01 07 14 19 20 	03 12 	160,748,402	3	9,256,358	69	100,215	5亿9696万6907元	查看统计
2014101	2014-08-30(六)	09 10 12 17 28 	03 11 	174,450,095	0	0	88	77,272	5亿9546万5040元	查看统计
2014100	2014-08-27(三)	02 04 08 12 35 	01 07 	162,499,795	2	10,000,000	40	223,353	5亿5979万1030元	查看统计
2014099	2014-08-25(一)	15 21 22 23 33 	01 07 	163,978,997	3	10,000,000	52	171,518	5亿4130万6441元	查看统计
2014098	2014-08-23(六)	16 18 22 25 35 	03 10 	184,527,907	2	10,000,000	45	211,357	5亿2985万6031元	查看统计
2014097	2014-08-20(三)	03 15 20 21 23 	07 09 	169,611,153	1	10,000,000	33	267,985	5亿0811万2843元	查看统计
2014096	2014-08-18(一)	03 07 21 23 31 	05 10 	167,970,220	8	6,383,482	99	62,566	4亿7657万5124元	查看统计
2014095	2014-08-16(六)	06 22 30 31 34 	05 06 	186,569,328	4	8,448,139	44	154,164	5亿0831万9326元	查看统计
2014094	2014-08-13(三)	13 14 24 25 34 	04 07 	168,617,295	8	6,429,806	136	34,644	5亿1076万5155元	查看统计
2014093	2014-08-11(一)	03 08 30 32 34 	09 11 	166,087,704	0	0	63	128,041	5亿3811万5272元	查看统计
2014092	2014-08-09(六)	02 18 27 30 32 	05 11 	185,657,187	1	10,000,000	36	246,536	4亿9842万2452元	查看统计
2014091	2014-08-06(三)	10 16 18 29 32 	02 07 	171,622,227	1	10,000,000	42	188,651	4亿6651万1258元	查看统计
2014090	2014-08-04(一)	02 03 20 23 28 	06 08 	176,916,628	60	5,182,460	69	117,087	4亿3972万4222元	查看统计
2014089	2014-08-02(六)	02 08 12 29 30 	07 12 	206,285,308	9	6,270,293	119	48,131	8亿9743万0770元	查看统计
2014088	2014-07-30(三)	07 13 20 25 26 	08 11 	183,837,153	2	10,000,000	108	80,866	9亿2991万0085元	查看统计
2014087	2014-07-28(一)	04 07 31 33 35 	09 10 	174,787,404	1	10,000,000	55	134,240	9亿1689万2029元	查看统计
2014086	2014-07-26(六)	06 08 27 29 35 	03 09 	201,555,668	4	10,000,000	57	173,491	8亿8673万1623元	查看统计
2014085	2014-07-23(三)	06 12 13 25 29 	11 12 	178,919,759	3	9,894,855	108	68,110	8亿7945万5090元	查看统计
2014084	2014-07-21(一)	02 07 09 11 28 	05 09 	181,205,445	7	7,224,209	126	53,920	8亿7576万5643元	查看统计
2014083	2014-07-19(六)	18 20 24 33 35 	05 10 	203,993,360	2	10,000,000	83	101,782	8亿9225万1472元	查看统计
2014082	2014-07-16(三)	01 08 18 23 25 	08 12 	181,943,644	0	0	43	191,919	8亿7221万6864元	查看统计
2014081	2014-07-14(一)	03 05 08 10 25 	09 12 	175,722,160	0	0	43	166,437	8亿3015万4471元	查看统计
2014080	2014-07-12(六)	17 20 23 25 27 	03 10 	193,958,265	3	10,000,000	49	204,471	7亿9242万8610元	查看统计
2014079	2014-07-09(三)	09 10 20 31 32 	06 10 	173,530,979	3	10,000,000	64	134,339	7亿8361万5300元	查看统计
2014078	2014-07-07(一)	10 15 16 22 28 	04 05 	173,079,920	3	10,000,000	73	119,758	7亿7841万7883元	查看统计
2014077	2014-07-05(六)	09 16 26 31 32 	01 05 	192,620,156	3	9,819,134	55	167,784	7亿6540万4764元	查看统计
2014076	2014-07-02(三)	05 10 19 31 32 	09 10 	178,230,857	1	10,000,000	81	92,632	7亿6064万4298元	查看统计
2014075	2014-06-30(一)	05 07 29 32 35 	04 10 	179,024,552	7	6,725,435	55	118,422	7亿2919万1341元	查看统计
2014074	2014-06-28(六)	06 11 22 27 30 	05 11 	198,134,948	2	10,000,000	104	81,061	7亿5051万0664元	查看统计
2014073	2014-06-25(三)	04 05 07 13 35 	05 06 	179,054,580	3	9,270,829	121	54,235	7亿2929万5547元	查看统计
2014072	2014-06-23(一)	17 19 22 24 30 	02 09 	168,821,103	1	10,000,000	27	331,930	7亿2746万6021元	查看统计
2014071	2014-06-21(六)	04 14 15 22 23 	01 07 	185,954,083	1	10,000,000	43	221,374	6亿9680万4568元	查看统计
2014070	2014-06-18(三)	01 02 07 10 32 	04 12 	167,714,687	2	10,000,000	57	119,758	6亿6982万1040元	查看统计
2014069	2014-06-16(一)	16 22 27 29 31 	02 09 	165,688,178	2	10,000,000	26	228,365	6亿5838万4418元	查看统计
2014068	2014-06-14(六)	05 15 24 29 35 	05 06 	183,812,242	3	10,000,000	91	79,136	6亿4850万6595元	查看统计
2014067	2014-06-11(三)	03 18 23 24 31 	03 07 	169,829,052	1	10,000,000	27	341,706	6亿4256万5242元	查看统计
2014066	2014-06-09(一)	08 14 16 20 31 	03 11 	171,159,701	2	15,000,000	34	199,482	6亿0985万1883元	查看统计
2014065	2014-06-07(六)	07 12 19 31 33 	07 12 	189,856,995	5	11,403,800	54	129,775	5亿9311万3888元	查看统计
2014064	2014-06-04(三)	08 15 33 34 35 	01 08 	175,438,349	3	14,481,293	168	36,266	6亿0540万0258元	查看统计
2014063	2014-06-02(一)	11 17 21 23 34 	03 04 	149,422,759	1	15,000,000	28	279,350	6亿0328万9864元	查看统计
2014062	2014-05-31(六)	04 07 17 24 25 	02 04 	171,910,477	0	0	48	197,762	5亿7650万8734元	查看统计
2014061	2014-05-28(三)	04 11 17 20 29 	06 10 	157,379,650	1	15,000,000	48	127,498	5亿3052万8894元	查看统计
2014060	2014-05-26(一)	12 22 29 30 34 	05 11 	155,476,267	2	13,846,153	50	140,672	5亿0833万5617元	查看统计
2014059	2014-05-24(六)	07 15 17 25 29 	04 11 	172,487,834	6	8,656,549	89	71,247	4亿9905万0363元	查看统计
2014058	2014-05-21(三)	09 15 22 24 26 	02 07 	156,588,831	3	11,810,787	63	106,443	5亿1406万2616元	查看统计
2014057	2014-05-19(一)	08 10 20 27 33 	01 09 	158,049,101	4	12,947,382	40	160,094	5亿1358万4094元	查看统计
2014056	2014-05-17(六)	12 18 28 29 35 	07 08 	170,156,653	1	15,000,000	61	97,524	5亿1805万5775元	查看统计
2014055	2014-05-14(三)	04 23 26 27 35 	10 11 	151,250,601	1	15,000,000	75	75,399	4亿9766万0787元	查看统计
2014054	2014-05-12(一)	02 03 20 25 34 	01 12 	150,534,284	2	15,000,000	72	126,347	4亿7976万2955元	查看统计
2014053	2014-05-10(六)	02 11 17 27 30 	03 04 	163,362,645	2	15,000,000	56	138,015	4亿6596万3587元	查看统计
2014052	2014-05-07(三)	14 19 21 24 30 	02 07 	148,553,518	1	15,000,000	25	244,998	4亿4823万9242元	查看统计
2014051	2014-05-05(一)	01 07 11 29 30 	03 11 	141,385,481	6	6,187,200	62	78,927	4亿2659万3556元	查看统计
2014050	2014-05-03(六)	10 18 27 28 35 	01 06 	143,454,855	1	10,000,000	24	302,800	4亿4977万1795元	查看统计
2014049	2014-04-30(三)	03 15 17 22 31 	03 05 	129,357,113	1	10,000,000	34	187,598	4亿2775万0617元	查看统计
2014048	2014-04-28(一)	01 02 05 15 35 	01 11 	132,476,146	2	9,734,953	24	297,364	4亿1003万2886元	查看统计
2014047	2014-04-26(六)	06 17 18 30 34 	06 12 	139,568,509	1	10,000,000	54	149,381	4亿0456万6567元	查看统计
2014046	2014-04-23(三)	03 15 18 21 26 	01 06 	127,230,354	1	10,000,000	22	310,052	3亿8796万4150元	查看统计
2014045	2014-04-21(一)	06 10 12 16 30 	02 11 	124,470,129	1	10,000,000	33	194,585	3亿7698万9546元	查看统计
2014044	2014-04-19(六)	22 23 25 27 35 	03 11 	136,866,302	2	10,000,000	45	164,774	3亿5809万3528元	查看统计
2014043	2014-04-16(三)	01 11 23 29 30 	01 12 	126,802,014	0	0	57	100,530	3亿4732万1907元	查看统计
2014042	2014-04-14(一)	16 21 25 27 35 	06 11 	126,547,122	4	7,374,876	33	181,982	3亿1972万6297元	查看统计
2014041	2014-04-12(六)	05 07 11 15 18 	05 12 	139,292,056	2	9,657,920	37	185,177	3亿2547万7040元	查看统计
2014040	2014-04-09(三)	12 15 21 30 33 	02 08 	127,871,621	2	9,249,673	29	230,190	3亿2031万1146元	查看统计
2014039	2014-04-07(一)	02 05 11 15 20 	08 11 	122,285,750	0	0	32	177,295	3亿1673万7417元	查看统计
2014038	2014-04-05(六)	07 08 12 20 32 	03 05 	130,841,888	3	7,558,526	46	105,870	2亿9067万5013元	查看统计
2014037	2014-04-02(三)	03 04 08 19 34 	02 04 	124,476,686	2	8,784,473	45	128,622	2亿9485万8966元	查看统计
2014036	2014-03-31(一)	01 02 12 17 29 	03 08 	124,665,987	3	8,790,665	33	177,965	2亿9309万9516元	查看统计
2014035	2014-03-29(六)	09 12 14 28 29 	03 10 	138,292,718	3	7,777,938	71	87,265	2亿9104万1521元	查看统计
2014034	2014-03-26(三)	03 11 14 27 32 	05 07 	126,684,339	6	6,124,320	143	23,326	2亿9404万0655元	查看统计
2014033	2014-03-24(一)	01 07 08 28 29 	04 08 	126,213,215	2	8,601,186	121	30,583	3亿1392万1770元	查看统计
2014032	2014-03-22(六)	02 05 06 09 31 	02 09 	139,487,493	1	10,000,000	41	141,051	3亿1311万8209元	查看统计
2014031	2014-03-19(三)	06 15 27 32 33 	03 04 	124,711,221	2	7,755,906	151	20,925	2亿9825万7838元	查看统计
2014030	2014-03-17(一)	03 14 18 29 35 	11 12 	128,331,774	3	7,931,261	20	356,849	2亿9999万0119元	查看统计
2014029	2014-03-15(六)	03 21 22 23 35 	05 09 	143,829,382	6	6,258,224	87	51,836	3亿0252万3173元	查看统计
2014028	2014-03-12(三)	03 10 20 25 30 	10 12 	129,511,240	1	10,000,000	38	156,895	3亿2306万6741元	查看统计
2014027	2014-03-10(一)	09 10 24 28 29 	10 12 	129,519,796	3	7,411,068	49	89,630	3亿1388万4979元	查看统计
2014026	2014-03-08(六)	05 10 12 15 26 	04 08 	139,988,871	0	0	91	63,618	3亿1803万5173元	查看统计
2014025	2014-03-05(三)	19 20 27 32 34 	06 08 	128,550,281	3	7,282,407	49	97,469	2亿9231万7488元	查看统计
2014024	2014-03-03(一)	07 11 15 31 32 	06 11 	129,953,991	4	7,145,411	32	178,784	2亿9799万2483元	查看统计
2014023	2014-03-01(六)	04 13 15 29 33 	05 09 	141,829,576	4	5,835,860	105	25,417	3亿0618万9144元	查看统计
2014022	2014-02-26(三)	03 06 10 16 25 	10 11 	130,079,120	1	10,000,000	29	209,938	3亿2566万9431元	查看统计
2014021	2014-02-24(一)	06 10 17 23 24 	03 09 	128,569,953	4	6,564,613	39	108,915	3亿0905万9701元	查看统计
2014020	2014-02-22(六)	01 14 17 30 35 	06 07 	142,178,440	2	10,000,000	37	161,466	3亿2285万5712元	查看统计
2014019	2014-02-19(三)	07 12 22 29 32 	11 12 	127,761,746	2	7,976,663	70	62,013	3亿1645万5971元	查看统计
2014018	2014-02-17(一)	08 09 12 28 34 	02 12 	121,704,224	0	0	41	126,284	3亿1784万6981元	查看统计
2014017	2014-02-15(六)	05 10 11 23 34 	01 10 	136,657,269	5	6,712,143	31	206,428	2亿9587万3500元	查看统计
2014016	2014-02-12(三)	04 06 13 24 34 	04 09 	123,079,546	8	6,326,869	21	302,420	3亿1240万9622元	查看统计
2014015	2014-02-10(一)	04 06 18 20 30 	05 07 	118,668,684	1	10,000,000	40	130,654	3亿3648万7176元	查看统计
2014014	2014-02-08(六)	01 09 11 27 29 	03 11 	130,439,909	2	8,694,497	42	102,624	3亿2512万5162元	查看统计
2014013	2014-01-29(三)	10 11 13 22 28 	04 12 	137,312,298	1	10,000,000	91	61,637	3亿2404万1671元	查看统计
2014012	2014-01-27(一)	09 20 21 23 29 	05 07 	126,548,654	1	9,827,845	64	74,203	3亿0898万5857元	查看统计
2014011	2014-01-25(六)	04 06 14 24 35 	07 12 	138,131,180	1	10,000,000	26	273,756	3亿0539万9026元	查看统计
2014010	2014-01-22(三)	05 10 20 26 27 	01 03 	126,731,854	2	10,000,000	42	167,815	2亿8916万4215元	查看统计
2014009	2014-01-20(一)	10 18 25 29 33 	07 08 	123,676,782	2	7,224,139	125	26,297	2亿7782万4746元	查看统计
2014008	2014-01-18(六)	11 13 20 28 35 	01 05 	137,668,320	1	10,000,000	29	242,212	2亿8215万0599元	查看统计
2014007	2014-01-15(三)	08 11 14 21 32 	03 11 	123,439,275	5	6,378,533	99	47,129	2亿6308万5157元	查看统计
2014006	2014-01-13(一)	01 04 07 16 35 	06 08 	119,059,472	0	0	29	186,411	2亿7950万5469元	查看统计
2014005	2014-01-11(六)	15 17 18 29 33 	04 08 	132,360,353	4	6,981,095	38	125,187	2亿5126万4064元	查看统计
2014004	2014-01-08(三)	07 10 19 27 28 	09 12 	121,043,337	2	7,468,802	60	65,432	2亿5937万7488元	查看统计
2014003	2014-01-06(一)	07 11 13 21 33 	05 06 	121,231,014	2	7,696,913	41	110,773	2亿6274万9156元	查看统计
2014002	2014-01-04(六)	01 12 21 24 29 	01 07 	134,448,795	1	10,000,000	49	126,117	2亿6523万1194元	查看统计
2014001	2014-01-01(三)	05 13 20 23 29 	08 11 	120,984,608	1	10,000,000	51	92,763	2亿4581万4203元	查看统计
2013153	2013-12-30(一)	04 05 16 17 30 	03 09 	120,218,297	0	0	35	180,278	2亿3556万8607元	查看统计
2013152	2013-12-28(六)	09 12 14 18 19 	03 09 	129,948,961	5	7,025,670	26	232,835	2亿0866万2004元	查看统计
2013151	2013-12-25(三)	02 13 21 27 30 	03 04 	115,202,750	0	0	33	144,273	2亿1846万9468元	查看统计
2013150	2013-12-23(一)	06 07 14 18 22 	08 11 	110,252,541	1	10,000,000	19	282,164	1亿9542万1794元	查看统计
2013149	2013-12-21(六)	06 07 08 09 13 	05 07 	121,299,463	2	9,420,969	37	143,073	1亿8087万3480元	查看统计
2013148	2013-12-18(三)	02 05 09 29 32 	03 07 	110,251,832	1	10,000,000	26	132,788	1亿7761万0569元	查看统计
2013147	2013-12-16(一)	03 09 22 24 25 	05 09 	106,840,083	2	9,377,504	23	214,583	1亿7137万7233元	查看统计
2013146	2013-12-14(六)	06 07 15 25 31 	01 09 	120,844,765	1	10,000,000	48	117,365	1亿6824万4721元	查看统计
2013145	2013-12-11(三)	02 13 15 18 20 	02 11 	110,223,270	0	0	29	217,052	1亿5315万7780元	查看统计
2013144	2013-12-09(一)	03 20 21 23 35 	02 08 	110,147,338	1	10,000,000	14	437,197	1亿2808万8241元	查看统计
2013143	2013-12-07(六)	03 08 14 21 31 	06 08 	121,306,535	2	9,012,573	41	139,102	1亿1818万4260元	查看统计
2013142	2013-12-04(三)	06 11 25 28 29 	04 12 	111,067,962	1	9,930,590	50	82,434	1亿1553万5221元	查看统计
2013141	2013-12-02(一)	05 15 18 25 31 	08 10 	107,596,104	0	0	44	115,776	1亿1170万1804元	查看统计
2013140	2013-11-30(六)	01 12 17 26 28 	01 06 	116,980,853	4	5,000,000	49	141,727	9155万6766元	查看统计
2013139	2013-11-27(三)	05 06 18 20 31 	06 07 	108,440,465	3	5,000,000	33	163,536	8296万3265元	查看统计
2013138	2013-11-25(一)	03 08 13 17 24 	07 09 	109,150,434	14	5,091,780	303	12,000	8114万9879元	查看统计
2013137	2013-11-23(六)	04 12 32 33 34 	06 08 	122,455,002	2	7,657,598	79	35,223	1亿5213万9878元	查看统计
2013136	2013-11-20(三)	05 11 15 25 28 	05 11 	111,309,765	4	6,096,792	53	56,919	1亿5416万7079元	查看统计
2013135	2013-11-18(一)	04 13 19 25 26 	07 12 	107,973,516	0	0	32	148,280	1亿7161万2098元	查看统计
2013134	2013-11-16(六)	02 13 19 23 32 	02 09 	117,471,260	0	0	38	163,558	1亿4848万0349元	查看统计
2013133	2013-11-13(三)	02 08 10 16 17 	09 12 	109,127,259	1	10,000,000	17	363,869	1亿2296万5280元	查看统计
2013132	2013-11-11(一)	23 26 28 31 34 	02 10 	106,761,393	4	6,470,096	57	60,497	1亿0567万5073元	查看统计
2013131	2013-11-09(六)	12 15 29 30 31 	04 12 	117,449,499	0	0	54	96,982	1亿1685万4488元	查看统计
2013130	2013-11-06(三)	08 09 15 19 30 	06 09 	109,732,548	3	6,876,234	51	75,049	9546万9948元	查看统计
2013129	2013-11-04(一)	11 23 29 30 33 	01 04 	108,505,512	3	6,770,618	56	76,983	1亿0333万8276元	查看统计
2013128	2013-11-02(六)	11 13 27 33 35 	01 02 	120,450,087	10	5,214,305	150	12,000	1亿1318万3371元	查看统计
2013127	2013-10-30(三)	03 14 16 19 32 	05 10 	110,020,727	3	6,988,364	42	103,291	1亿6558万3037元	查看统计
2013126	2013-10-28(一)	09 10 15 18 30 	03 06 	109,378,334	3	7,164,717	39	92,509	1亿7284万5865元	查看统计
2013125	2013-10-26(六)	04 08 14 23 28 	04 08 	119,978,991	6	5,787,443	64	57,509	1亿7810万4632元	查看统计
2013124	2013-10-23(三)	05 07 18 21 32 	10 11 	110,782,997	1	10,000,000	43	81,806	2亿0789万1533元	查看统计
2013123	2013-10-21(一)	02 09 10 33 34 	05 12 	106,562,135	0	0	28	129,263	2亿0138万6997元	查看统计
2013122	2013-10-19(六)	15 17 20 24 35 	04 12 	114,607,447	1	10,000,000	19	312,585	1亿8374万2526元	查看统计
2013121	2013-10-16(三)	03 18 19 20 24 	03 12 	107,502,799	2	8,513,182	26	209,983	1亿6795万4219元	查看统计
2013120	2013-10-14(一)	06 14 15 22 26 	03 11 	103,379,902	0	0	13	413,988	1亿6725万2806元	查看统计
2013119	2013-10-12(六)	01 02 16 23 35 	01 11 	114,833,494	1	10,000,000	32	199,228	1亿4427万6439元	查看统计
2013118	2013-10-09(三)	04 06 11 20 31 	01 05 	102,403,342	1	10,000,000	30	168,855	1亿2498万9788元	查看统计
2013117	2013-10-07(一)	05 16 23 25 33 	07 12 	94,444,889	1	5,000,000	22	198,669	1亿1295万4194元	查看统计
2013116	2013-10-05(六)	13 22 23 30 33 	09 11 	106,157,155	1	5,000,000	45	97,922	9754万0922元	查看统计
2013115	2013-10-02(三)	05 16 29 32 34 	04 11 	90,887,232	9	5,000,000	166	12,000	8725万3881元	查看统计
2013114	2013-09-30(一)	06 17 21 23 33 	01 09 	101,049,414	6	6,173,985	511	12,000	1亿3525万3881元	查看统计
2013113	2013-09-28(六)	19 21 23 28 30 	08 12 	114,354,307	4	6,675,534	161	24,961	1亿5468万8007元	查看统计
2013112	2013-09-25(三)	02 10 20 22 29 	05 12 	102,958,306	1	10,000,000	25	218,418	1亿6463万4801元	查看统计
2013111	2013-09-23(一)	07 12 13 20 27 	01 03 	102,613,684	1	9,239,212	81	47,398	1亿5120万9447元	查看统计
2013110	2013-09-21(六)	07 16 18 32 33 	02 07 	110,067,240	2	9,388,735	28	175,199	1亿4903万5335元	查看统计
2013109	2013-09-18(三)	13 20 26 29 32 	02 06 	99,337,442	1	10,000,000	24	218,948	1亿4586万9127元	查看统计
2013108	2013-09-16(一)	05 10 13 15 18 	02 11 	98,043,296	0	0	22	272,836	1亿3419万3271元	查看统计
2013107	2013-09-14(六)	07 13 14 18 25 	05 12 	103,336,022	0	0	26	204,245	1亿1107万0403元	查看统计
2013106	2013-09-11(三)	06 07 12 13 27 	03 12 	96,682,691	1	5,000,000	40	121,097	8839万9110元	查看统计
2013105	2013-09-09(一)	07 13 27 30 34 	01 12 	95,015,234	1	5,000,000	33	112,342	7305万4761元	查看统计
2013104	2013-09-07(六)	02 05 11 27 29 	01 11 	103,746,815	0	0	29	197,797	6162万4635元	查看统计
2013103	2013-09-04(三)	05 08 13 16 31 	03 09 	94,510,010	3	5,000,000	59	63,673	3744万3844元	查看统计
2013102	2013-09-02(一)	06 12 15 19 26 	02 11 	90,509,576	0	0	21	223,330	3635万0423元	查看统计
2013101	2013-08-31(六)	04 09 13 15 32 	02 09 	99,608,666	2	5,000,000	22	251,803	1474万3158元	查看统计
2013100	2013-08-28(三)	09 12 24 26 30 	05 09 	91,302,467	3	5,000,000	39	96,355	640万2825元	查看统计
2013099	2013-08-26(一)	04 11 28 30 33 	05 12 	90,552,001	4	5,000,000	73	12,000	1200万9973元	查看统计
2013098	2013-08-24(六)	02 06 16 29 34 	10 11 	96,508,845	2	5,000,000	52	72,072	3535万2220元	查看统计
2013097	2013-08-21(三)	07 08 13 17 32 	03 08 	87,209,004	1	5,000,000	16	265,204	2821万6869元	查看统计
2013096	2013-08-19(一)	17 19 20 22 26 	06 08 	82,602,563	0	0	24	182,404	1911万1160元	查看统计
2013095	2013-08-17(六)	03 17 28 30 33 	01 10 	85,079,922	3	5,000,000	24	141,883	64万2661元	查看统计
2013094	2013-08-14(三)	03 28 33 34 35 	06 09 	89,359,971	10	24,000	271	12,000	0元	查看统计
2013093	2013-08-12(一)	01 05 17 18 26 	05 07 	91,058,614	6	1,211,256	59	36,407	0元	查看统计
2013092	2013-08-10(六)	07 10 21 27 33 	03 09 	100,655,848	4	2,958,913	64	45,478	0元	查看统计
2013091	2013-08-07(三)	04 09 28 34 35 	02 08 	94,094,638	7	723,495	130	12,000	0元	查看统计
2013090	2013-08-05(一)	02 26 30 31 33 	11 12 	93,663,331	2	5,000,000	39	74,580	526万3955元	查看统计
2013089	2013-08-03(六)	06 07 23 24 29 	04 11 	103,107,680	3	5,000,000	39	103,008	284万6241元	查看统计
2013088	2013-07-31(三)	03 05 08 33 35 	01 03 	101,099,585	37	1,150,769	197	12,000	0元	查看统计
2013087	2013-07-29(一)	09 12 22 32 34 	02 04 	102,329,273	1	5,000,000	23	212,239	4261万7129元	查看统计
2013086	2013-07-27(六)	09 16 26 29 31 	06 09 	118,005,920	16	5,000,000	83	38,878	2896万8747元	查看统计
2013085	2013-07-24(三)	08 19 23 27 32 	03 05 	109,057,485	3	6,975,684	65	62,063	9864万3241元	查看统计
2013084	2013-07-22(一)	08 22 26 29 35 	01 05 	109,893,917	0	0	31	139,049	1亿0597万4540元	查看统计
2013083	2013-07-20(六)	26 29 30 32 35 	04 10 	123,762,556	14	5,294,117	345	12,000	8699万4313元	查看统计
2013082	2013-07-17(三)	03 09 25 26 33 	03 12 	112,633,760	0	0	30	155,511	1亿7199万4313元	查看统计
2013081	2013-07-15(一)	07 09 15 17 23 	02 07 	115,556,938	1	15,000,000	34	209,297	1亿5030万0415元	查看统计
2013080	2013-07-13(六)	06 21 23 27 31 	04 06 	121,739,755	0	0	27	221,780	1亿3267万3164元	查看统计
2013079	2013-07-10(三)	09 10 17 21 34 	01 07 	111,146,788	2	11,280,721	81	52,183	1亿0622万5828元	查看统计
2013078	2013-07-08(一)	02 07 23 31 33 	02 08 	110,464,206	2	11,451,872	29	150,547	1亿0488万3662元	查看统计
2013077	2013-07-06(六)	24 26 30 32 35 	06 12 	121,705,850	3	9,272,327	61	75,745	1亿0302万8044元	查看统计
2013076	2013-07-03(三)	13 15 16 26 27 	09 10 	110,287,003	3	8,794,684	34	153,561	1亿0630万2568元	查看统计
2013075	2013-07-01(一)	01 11 13 19 35 	07 08 	111,388,586	2	10,021,212	28	169,939	1亿1131万1262元	查看统计
2013074	2013-06-29(六)	06 14 20 24 32 	01 07 	124,113,767	3	7,611,517	63	63,912	1亿1222万8527元	查看统计
2013073	2013-06-26(三)	03 05 23 27 31 	02 06 	116,689,022	3	8,523,907	34	165,827	1亿2492万5587元	查看统计
2013072	2013-06-24(一)	12 27 28 33 35 	03 05 	115,290,338	7	6,092,504	159	18,887	1亿3122万4965元	查看统计
2013071	2013-06-22(六)	13 19 26 27 28 	03 11 	129,186,697	3	9,595,985	77	61,669	1亿7032万0645元	查看统计
2013070	2013-06-19(三)	09 12 18 21 29 	01 08 	113,538,678	1	13,125,000	75	58,389	1亿7213万8704元	查看统计
2013069	2013-06-17(一)	06 12 13 16 30 	07 12 	112,197,585	1	15,000,000	41	130,460	1亿6580万4899元	查看统计
2013068	2013-06-15(六)	10 17 27 34 35 	05 07 	123,220,775	5	7,057,629	73	41,475	1亿5105万0094元	查看统计
2013067	2013-06-12(三)	02 03 05 08 29 	10 12 	105,168,115	3	8,810,840	17	214,417	1亿6811万7873元	查看统计
2013066	2013-06-10(一)	06 07 13 33 34 	02 11 	108,172,336	1	15,000,000	55	73,519	1亿7346万9085元	查看统计
2013065	2013-06-08(六)	09 28 31 34 35 	02 09 	123,733,625	1	15,000,000	284	14,102	1亿6466万6357元	查看统计
2013064	2013-06-05(三)	21 24 26 28 32 	01 03 	109,225,079	1	15,000,000	21	250,446	1亿5917万1307元	查看统计
2013063	2013-06-03(一)	03 05 11 27 28 	05 06 	108,064,818	1	15,000,000	25	208,892	1亿4606万7573元	查看统计
2013062	2013-06-01(六)	01 05 08 09 12 	09 12 	123,085,059	5	8,129,714	36	184,871	1亿3366万3835元	查看统计
2013061	2013-05-29(三)	01 14 18 21 32 	05 10 	104,825,840	0	0	18	346,026	1亿4269万0976元	查看统计
2013060	2013-05-27(一)	15 25 26 32 35 	05 10 	97,754,407	7	5,477,724	57	37,010	1亿1621万9946元	查看统计
2013059	2013-05-25(六)	03 08 11 24 27 	07 12 	107,444,050	0	0	42	113,884	1亿4877万3878元	查看统计
2013058	2013-05-22(三)	20 21 27 31 35 	07 11 	97,868,322	2	9,312,826	27	187,922	1亿2596万8561元	查看统计
2013057	2013-05-20(一)	07 15 27 33 35 	07 10 	95,419,334	0	0	22	170,063	1亿2303万0080元	查看统计
2013056	2013-05-18(六)	11 22 30 32 35 	03 04 	106,923,534	2	8,215,874	59	81,973	1亿0670万3983元	查看统计
2013055	2013-05-15(三)	04 05 22 23 24 	03 09 	97,894,933	3	6,903,540	35	114,786	1亿0716万2071元	查看统计
2013054	2013-05-13(一)	05 08 21 30 32 	01 08 	97,491,675	4	6,929,758	23	202,599	1亿1488万2950元	查看统计
2013053	2013-05-11(六)	13 31 33 34 35 	05 07 	107,125,902	8	5,000,000	231	12,000	1亿2330万4395元	查看统计
2013052	2013-05-08(三)	01 02 10 29 31 	01 10 	99,005,450	6	6,034,952	52	73,925	1亿6630万4395元	查看统计
2013051	2013-05-06(一)	05 08 15 18 33 	07 08 	101,017,433	1	10,000,000	46	95,987	1亿8905万8365元	查看统计
2013050	2013-05-04(六)	14 22 30 32 33 	07 08 	108,845,242	2	7,415,141	56	50,952	1亿8310万1262元	查看统计
2013049	2013-05-01(三)	18 22 25 31 32 	04 06 	90,270,660	1	10,000,000	38	88,974	1亿8585万5837元	查看统计
2013048	2013-04-29(一)	10 11 23 32 33 	01 04 	93,439,302	7	5,505,453	43	76,089	1亿8077万4662元	查看统计
2013047	2013-04-27(六)	12 20 28 30 35 	03 11 	108,924,465	0	0	25	182,602	2亿2828万3036元	查看统计
2013046	2013-04-24(三)	15 16 19 25 32 	05 11 	98,130,483	0	0	28	175,327	2亿0746万6383元	查看统计
2013045	2013-04-22(一)	08 11 12 21 25 	02 07 	98,754,178	3	7,189,671	41	107,688	1亿8629万5531元	查看统计
2013044	2013-04-20(六)	07 11 13 18 28 	05 10 	108,144,031	2	8,372,919	29	176,096	1亿9247万1304元	查看统计
2013043	2013-04-17(三)	07 13 25 34 35 	07 09 	100,358,246	2	6,632,735	30	96,754	1亿9231万6919元	查看统计
2013042	2013-04-15(一)	02 06 22 23 33 	01 06 	98,411,504	2	9,154,000	28	182,193	2亿0047万9790元	查看统计
2013041	2013-04-13(六)	03 13 14 15 34 	05 08 	108,882,630	3	6,640,933	81	29,727	1亿9801万7788元	查看统计
2013040	2013-04-10(三)	16 17 22 26 35 	03 10 	98,544,111	1	10,000,000	12	482,261	2亿0563万3582元	查看统计
2013039	2013-04-08(一)	06 23 30 33 35 	07 10 	96,554,089	0	0	42	68,767	1亿9284万6712元	查看统计
2013038	2013-04-06(六)	01 19 24 25 26 	07 09 	103,728,759	0	0	28	160,166	1亿8031万3811元	查看统计
2013037	2013-04-03(三)	02 26 31 32 34 	06 08 	93,728,141	1	8,717,832	40	56,847	1亿5917万1880元	查看统计
2013036	2013-04-01(一)	08 12 32 33 35 	03 05 	94,764,559	1	9,305,077	40	66,745	1亿5859万5131元	查看统计
2013035	2013-03-30(六)	05 14 28 32 34 	07 08 	105,886,815	6	6,345,873	34	143,178	1亿5713万7514元	查看统计
2013034	2013-03-27(三)	01 03 11 19 29 	04 08 	98,117,695	3	6,840,774	23	182,556	1亿7502万4647元	查看统计
2013033	2013-03-25(一)	12 18 22 28 31 	01 11 	94,424,531	0	0	16	359,497	1亿8308万4465元	查看统计
2013032	2013-03-23(六)	12 27 28 33 35 	01 08 	101,795,038	1	10,000,000	35	108,929	1亿5989万6906元	查看统计
2013031	2013-03-20(三)	12 17 18 26 32 	10 11 	92,857,755	1	10,000,000	23	200,474	1亿5290万3939元	查看统计
2013030	2013-03-18(一)	03 05 09 10 28 	05 07 	92,399,963	0	0	24	169,964	1亿4290万6622元	查看统计
2013029	2013-03-16(六)	05 07 17 25 26 	04 10 	100,525,965	1	10,000,000	50	74,024	1亿2416万8043元	查看统计
2013028	2013-03-13(三)	13 19 28 30 34 	08 12 	90,226,179	0	0	30	143,436	1亿1729万0371元	查看统计
2013027	2013-03-11(一)	03 12 14 24 35 	03 08 	88,478,779	1	5,000,000	29	133,467	9921万7311元	查看统计
2013026	2013-03-09(六)	02 10 16 30 33 	05 06 	96,984,428	3	5,000,000	64	49,382	8699万9987元	查看统计
2013025	2013-03-06(三)	03 23 25 26 28 	10 12 	89,233,230	1	5,000,000	13	339,352	9503万7003元	查看统计
2013024	2013-03-04(一)	09 12 14 18 24 	01 04 	88,302,567	1	5,000,000	20	258,208	8496万6486元	查看统计
2013023	2013-03-02(六)	05 19 24 26 35 	05 07 	93,617,454	0	0	36	100,825	6885万7932元	查看统计
2013022	2013-02-27(三)	03 04 13 17 23 	03 08 	86,402,223	1	5,000,000	14	290,650	5320万4819元	查看统计
2013021	2013-02-25(一)	23 24 28 30 33 	01 11 	84,584,535	1	5,000,000	28	142,537	4332万9822元	查看统计
2013020	2013-02-23(六)	06 11 20 31 32 	05 09 	90,505,561	0	0	33	83,353	3079万7768元	查看统计
2013019	2013-02-20(三)	06 12 17 29 30 	07 11 	78,774,727	1	5,000,000	57	45,540	1841万9704元	查看统计
2013018	2013-02-18(一)	20 23 31 33 34 	03 09 	72,887,266	1	5,000,000	48	31,860	1173万8506元	查看统计
2013017	2013-02-16(六)	11 14 22 29 34 	05 11 	92,868,182	39	4,762,252	123	31,945	0元	查看统计
2013016	2013-02-06(三)	05 15 19 27 32 	08 09 	93,354,624	0	0	23	185,254	1亿7013万0710元	查看统计
2013015	2013-02-04(一)	14 15 26 32 33 	01 11 	90,554,838	2	7,891,600	22	187,018	1亿5290万2085元	查看统计
2013014	2013-02-02(六)	05 08 25 29 31 	02 04 	102,516,364	1	10,000,000	41	108,995	1亿5462万4839元	查看统计
2013013	2013-01-30(三)	13 15 29 30 35 	01 11 	91,878,143	0	0	61	43,411	1亿4615万0128元	查看统计
2013012	2013-01-28(一)	01 14 31 32 34 	02 11 	90,273,475	0	0	11	457,265	1亿3553万5963元	查看统计
2013011	2013-01-26(六)	01 02 08 15 23 	06 09 	103,189,764	3	8,253,813	20	268,910	1亿1667万3757元	查看统计
2013010	2013-01-23(三)	09 15 17 18 29 	09 11 	93,053,917	0	0	34	103,430	1亿1703万1592元	查看统计
2013009	2013-01-21(一)	10 17 19 27 29 	05 12 	92,051,355	5	5,809,955	75	39,572	1亿0058万6068元	查看统计
2013008	2013-01-19(六)	02 07 25 29 34 	03 06 	103,090,366	1	10,000,000	13	422,851	1亿2405万3473元	查看统计
2013007	2013-01-16(三)	14 29 32 33 34 	03 06 	93,622,278	2	5,000,000	87	12,000	1亿1658万5204元	查看统计
2013006	2013-01-14(一)	08 20 25 31 32 	05 07 	91,873,354	1	9,579,253	42	104,370	1亿2658万5204元	查看统计
2013005	2013-01-12(六)	18 22 26 28 31 	10 12 	102,731,749	0	0	25	205,565	1亿2359万4996元	查看统计
2013004	2013-01-09(三)	07 08 12 20 25 	03 07 	93,113,469	4	5,949,602	53	55,795	1亿0154万8129元	查看统计
2013003	2013-01-07(一)	01 16 18 21 31 	09 12 	92,114,091	1	10,000,000	29	173,939	1亿2014万1232元	查看统计
2013002	2013-01-05(六)	04 20 27 31 32 	06 12 	97,887,870	0	0	14	346,173	1亿0809万4375元	查看统计
2013001	2013-01-02(三)	06 09 11 31 32 	05 11 	82,539,302	0	0	18	206,504	8758万3599元	查看统计
2012154	2012-12-31(一)	03 26 27 31 32 	03 09 	85,173,381	0	0	20	178,258	6946万2813元	查看统计
2012153	2012-12-29(六)	08 09 10 13 22 	05 10 	92,912,437	1	5,000,000	28	153,153	5489万0188元	查看统计
2012152	2012-12-26(三)	04 17 26 33 34 	02 08 	86,036,210	6	5,000,000	30	135,756	4243万0665元	查看统计
2012151	2012-12-24(一)	03 19 20 24 33 	03 04 	84,629,482	0	0	24	158,969	6971万4376元	查看统计
2012150	2012-12-22(六)	02 14 18 24 31 	02 03 	93,073,171	0	0	12	426,703	5183万0291元	查看统计
2012149	2012-12-19(三)	02 10 23 33 34 	05 10 	86,183,124	2	5,000,000	39	83,375	3070万8485元	查看统计
2012148	2012-12-17(一)	04 16 27 29 34 	06 11 	86,921,952	2	5,000,000	44	81,411	3207万6134元	查看统计
2012147	2012-12-15(六)	02 03 17 19 33 	02 09 	95,259,080	2	5,000,000	14	351,175	2852万9333元	查看统计
2012146	2012-12-12(三)	01 10 13 17 26 	06 08 	88,326,469	3	5,000,000	30	143,280	2230万2458元	查看统计
2012145	2012-12-10(一)	05 22 31 33 35 	06 09 	83,242,808	1	5,000,000	51	37,323	2289万3881元	查看统计
2012144	2012-12-08(六)	11 13 14 21 29 	01 10 	100,893,900	15	5,345,297	35	132,393	336万9368元	查看统计
2012143	2012-12-05(三)	09 27 29 30 31 	03 06 	90,699,066	2	6,025,581	101	12,297	1亿0287万0962元	查看统计
2012142	2012-12-03(一)	15 19 29 34 35 	07 10 	90,411,341	1	8,569,317	58	50,494	1亿0979万4215元	查看统计
2012141	2012-12-01(六)	03 11 19 23 34 	02 12 	97,483,582	1	10,000,000	53	77,703	1亿0922万7850元	查看统计
2012140	2012-11-28(三)	07 17 27 28 29 	09 10 	89,995,813	10	5,274,814	169	12,000	1亿0291万0036元	查看统计
2012139	2012-11-26(一)	09 10 12 22 25 	04 11 	89,470,036	3	6,779,507	46	82,131	1亿5979万8479元	查看统计
2012138	2012-11-24(六)	13 17 27 31 33 	06 12 	99,444,792	4	6,985,552	43	95,230	1亿6818万9135元	查看统计
2012137	2012-11-21(三)	03 12 20 21 27 	01 06 	92,645,458	3	6,731,203	27	164,876	1亿7627万5822元	查看统计
2012136	2012-11-19(一)	02 23 29 30 31 	01 04 	93,630,031	2	6,399,609	106	18,747	1亿8781万1157元	查看统计
2012135	2012-11-17(六)	03 05 17 18 33 	06 07 	99,774,197	0	0	34	143,708	1亿9535万2677元	查看统计
2012134	2012-11-14(三)	01 06 18 32 35 	02 07 	90,893,857	2	7,083,957	70	34,907	1亿7411万9756元	查看统计
2012133	2012-11-12(一)	05 07 13 29 30 	01 05 	91,763,431	0	0	24	185,749	1亿7786万7882元	查看统计
2012132	2012-11-10(六)	05 08 21 25 33 	01 11 	99,422,591	3	6,760,872	126	25,631	1亿5822万4875元	查看统计
2012131	2012-11-07(三)	02 16 18 27 30 	08 12 	90,069,224	1	10,000,000	29	106,385	1亿6530万0948元	查看统计
2012130	2012-11-05(一)	14 19 23 29 30 	06 07 	87,503,658	1	8,206,711	21	135,733	1亿6205万5982元	查看统计
2012129	2012-11-03(六)	01 07 21 28 31 	03 09 	94,242,307	1	10,000,000	30	113,161	1亿6235万9872元	查看统计
2012128	2012-10-31(三)	09 10 19 30 31 	04 11 	86,991,830	13	5,000,000	136	12,000	1亿5810万1513元	查看统计
2012127	2012-10-29(一)	12 13 14 25 35 	10 12 	87,738,452	1	10,000,000	31	138,429	2亿3210万1513元	查看统计
2012126	2012-10-27(六)	13 14 21 28 29 	05 10 	95,611,728	0	0	21	239,654	2亿2258万2953元	查看统计
2012125	2012-10-24(三)	06 14 17 22 35 	01 02 	86,722,271	0	0	28	146,921	2亿0209万2498元	查看统计
2012124	2012-10-22(一)	07 11 19 20 35 	05 10 	84,938,472	1	9,732,065	55	47,510	1亿8534万3410元	查看统计
2012123	2012-10-20(六)	05 08 18 30 33 	01 09 	92,384,268	2	7,423,207	44	60,961	1亿8324万5311元	查看统计
2012122	2012-10-17(三)	23 24 25 29 31 	03 12 	84,662,712	1	10,000,000	55	70,347	1亿8597万5688元	查看统计
2012121	2012-10-15(一)	07 18 20 29 30 	05 06 	85,404,825	6	5,797,310	59	50,260	1亿8067万5093元	查看统计
2012120	2012-10-13(六)	02 10 21 23 29 	03 04 	93,463,759	1	9,920,032	52	57,143	2亿0578万1709元	查看统计
2012119	2012-10-10(三)	05 06 09 19 32 	06 09 	84,197,556	1	10,000,000	25	134,869	2亿0340万1661元	查看统计
2012118	2012-10-08(一)	05 17 25 30 33 	01 12 	82,368,464	0	0	30	131,161	1亿9833万0008元	查看统计
2012117	2012-10-06(六)	01 12 18 21 33 	07 08 	86,058,922	2	7,174,572	134	17,809	1亿8121万3469元	查看统计
2012116	2012-10-03(三)	01 11 18 20 22 	07 10 	72,022,417	0	0	24	133,899	1亿8468万9749元	查看统计
2012115	2012-10-01(一)	01 06 13 19 23 	06 09 	69,446,925	0	0	9	440,674	1亿6902万3532元	查看统计
2012114	2012-09-29(六)	03 06 21 33 35 	01 07 	89,017,250	0	0	18	274,665	1亿5415万0771元	查看统计
2012113	2012-09-26(三)	03 10 22 27 29 	03 12 	80,773,978	2	6,159,271	84	16,202	1亿3375万6829元	查看统计
2012112	2012-09-24(一)	01 02 28 31 35 	05 07 	81,099,610	2	7,509,082	26	138,505	1亿4027万9011元	查看统计
2012111	2012-09-22(六)	01 24 25 30 33 	04 11 	88,314,707	0	0	17	235,216	1亿4349万3586元	查看统计
2012110	2012-09-19(三)	01 11 17 19 26 	05 12 	81,741,224	5	5,832,108	33	72,231	1亿2585万2385元	查看统计
2012109	2012-09-17(一)	01 22 30 32 35 	09 11 	81,799,464	4	6,225,248	42	70,721	1亿4461万1573元	查看统计
2012108	2012-09-15(六)	06 07 12 24 35 	02 06 	90,264,220	1	10,000,000	48	68,970	1亿5726万0079元	查看统计
2012107	2012-09-12(三)	04 07 09 22 33 	01 03 	81,786,911	0	0	28	138,633	1亿5391万4360元	查看统计
2012106	2012-09-10(一)	15 23 25 29 31 	09 10 	80,675,002	2	7,920,817	15	231,810	1亿3717万4318元	查看统计
2012105	2012-09-08(六)	05 06 14 15 31 	06 08 	89,754,073	2	7,761,792	26	152,455	1亿3841万1865元	查看统计
2012104	2012-09-05(三)	16 18 24 25 27 	04 09 	81,198,871	0	0	20	205,246	1亿4064万0872元	查看统计
2012103	2012-09-03(一)	02 09 18 23 24 	01 04 	79,540,358	1	9,663,383	21	224,066	1亿2155万2988元	查看统计
2012102	2012-09-01(六)	02 04 06 13 35 	04 08 	87,514,716	1	10,000,000	22	207,994	1亿1836万0865元	查看统计
2012101	2012-08-29(三)	02 05 08 09 31 	03 07 	80,597,889	1	5,000,000	16	231,955	1亿0932万9359元	查看统计
2012100	2012-08-27(一)	07 09 13 19 27 	01 03 	81,304,308	11	5,299,455	40	62,386	9728万0598元	查看统计
2012099	2012-08-25(六)	12 18 24 25 32 	02 12 	90,063,317	0	0	17	289,212	1亿6099万2010元	查看统计
2012098	2012-08-22(三)	02 11 28 29 30 	06 12 	82,055,498	1	7,690,908	47	54,156	1亿4060万2551元	查看统计
2012097	2012-08-20(一)	09 17 24 29 32 	01 02 	80,344,147	1	10,000,000	26	112,192	1亿4214万4368元	查看统计
2012096	2012-08-18(六)	05 10 19 24 35 	08 09 	88,805,215	0	0	44	78,763	1亿3893万3742元	查看统计
2012095	2012-08-15(三)	06 09 22 27 30 	08 12 	81,331,179	2	7,260,601	29	132,377	1亿2292万5022元	查看统计
2012094	2012-08-13(一)	02 14 23 32 35 	01 10 	78,940,678	2	6,712,149	26	98,269	1亿2710万8672元	查看统计
2012093	2012-08-11(六)	02 16 21 31 33 	04 11 	88,134,396	1	10,000,000	22	204,182	1亿3343万1285元	查看统计
2012092	2012-08-08(三)	08 09 23 25 31 	02 12 	77,673,891	2	7,033,397	23	138,762	1亿2428万9219元	查看统计
2012091	2012-08-06(一)	03 10 28 31 33 	01 09 	78,967,695	1	7,921,491	28	104,572	1亿2935万8969元	查看统计
2012090	2012-08-04(六)	02 21 27 29 33 	02 10 	86,568,483	1	10,000,000	37	100,333	1亿3034万7386元	查看统计
2012089	2012-08-01(三)	06 12 21 29 32 	06 11 	78,492,327	0	0	23	159,223	1亿2529万7322元	查看统计
2012088	2012-07-30(一)	13 17 24 30 35 	02 10 	77,824,388	2	7,856,000	14	224,000	1亿0869万8300元	查看统计
2012087	2012-07-28(六)	01 06 07 21 31 	04 11 	87,077,255	1	5,000,000	16	261,323	1亿1013万0296元	查看统计
2012086	2012-07-25(三)	03 20 25 29 32 	05 10 	78,946,927	0	0	17	201,532	9592万2991元	查看统计
2012085	2012-07-23(一)	07 18 29 31 33 	10 12 	79,262,178	7	5,470,189	33	84,670	8216万8393元	查看统计
2012084	2012-07-21(六)	21 24 27 29 31 	01 02 	87,316,969	1	9,773,682	31	149,762	1亿2253万8709元	查看统计
2012083	2012-07-18(三)	16 19 28 29 31 	05 08 	80,519,889	1	10,000,000	26	141,296	1亿1908万1870元	查看统计
2012082	2012-07-16(一)	02 04 09 10 15 	08 10 	80,587,602	2	8,572,096	22	173,824	1亿1403万3805元	查看统计
2012081	2012-07-14(六)	10 16 17 30 35 	01 08 	88,440,294	1	9,538,563	36	107,580	1亿1331万7516元	查看统计
2012080	2012-07-11(三)	11 12 14 25 28 	02 05 	80,420,397	0	0	19	209,925	1亿1042万4961元	查看统计
2012079	2012-07-09(一)	01 05 25 32 33 	01 10 	79,358,981	1	5,000,000	11	421,285	9263万3784元	查看统计
2012078	2012-07-07(六)	01 02 23 25 35 	05 12 	90,043,223	4	5,000,000	38	107,431	8025万5739元	查看统计
2012077	2012-07-04(三)	10 30 32 33 34 	02 03 	80,443,734	5	5,000,000	135	12,000	8277万1249元	查看统计
2012076	2012-07-02(一)	02 14 16 22 24 	02 05 	80,072,550	0	0	14	378,898	1亿1077万1249元	查看统计
2012075	2012-06-30(六)	07 09 10 18 22 	05 10 	91,308,852	0	0	24	180,579	9002万6538元	查看统计
2012074	2012-06-27(三)	10 22 23 30 32 	01 07 	89,310,405	50	5,124,457	47	77,398	7093万0242元	查看统计
2012073	2012-06-25(一)	18 23 29 33 34 	02 07 	88,041,836	1	10,000,000	25	155,368	3亿1159万5963元	查看统计
2012072	2012-06-23(六)	04 08 17 22 25 	04 10 	96,524,190	0	0	23	198,049	3亿0668万0564元	查看统计
2012071	2012-06-20(三)	13 23 29 31 34 	06 08 	91,655,172	2	7,112,532	33	119,225	2亿8692万5096元	查看统计
2012070	2012-06-18(一)	09 22 23 32 34 	06 08 	90,123,786	0	0	28	137,976	2亿9278万4939元	查看统计
2012069	2012-06-16(六)	02 04 22 25 34 	02 11 	101,566,246	1	10,000,000	14	387,023	2亿7674万5169元	查看统计
2012068	2012-06-13(三)	01 21 31 32 35 	03 06 	89,260,141	0	0	70	23,820	2亿6381万4038元	查看统计
2012067	2012-06-11(一)	20 22 27 30 33 	01 02 	88,206,089	1	10,000,000	19	216,836	2亿5659万6305元	查看统计
2012066	2012-06-09(六)	01 20 25 29 33 	04 06 	98,611,893	0	0	20	217,826	2亿4773万1515元	查看统计
2012065	2012-06-06(三)	10 22 28 29 34 	05 11 	90,420,169	2	7,656,219	41	82,748	2亿2796万3752元	查看统计
2012064	2012-06-04(一)	09 12 13 15 30 	09 10 	90,348,096	1	9,566,131	23	183,103	2亿2999万5094元	查看统计
2012063	2012-06-02(六)	11 25 26 29 35 	01 02 	98,939,363	2	7,896,195	43	76,924	2亿2703万6376元	查看统计
2012062	2012-05-30(三)	21 32 33 34 35 	08 09 	92,554,549	30	5,000,000	507	12,000	2亿2834万7790元	查看统计
2012061	2012-05-28(一)	05 10 14 27 33 	07 09 	90,048,368	2	8,270,453	69	54,644	3亿8434万7790元	查看统计
2012060	2012-05-26(六)	02 16 21 24 30 	06 10 	101,189,600	1	10,000,000	22	216,993	3亿8453万6427元	查看统计
2012059	2012-05-23(三)	09 13 19 21 27 	03 04 	95,348,657	4	7,176,230	24	201,502	3亿7970万5028元	查看统计
2012058	2012-05-21(一)	13 21 29 31 35 	04 12 	93,525,941	2	6,397,617	59	44,634	3亿8664万7639元	查看统计
2012057	2012-05-19(六)	01 02 14 33 34 	03 05 	93,786,172	1	10,000,000	22	203,780	3亿9593万9072元	查看统计
2012056	2012-05-16(三)	11 21 23 26 34 	07 09 	86,198,008	2	7,996,485	24	151,337	3亿8637万6159元	查看统计
2012055	2012-05-14(一)	07 22 26 32 33 	01 08 	84,354,924	2	7,012,551	59	38,116	3亿8738万6703元	查看统计
2012054	2012-05-12(六)	01 16 18 27 30 	10 11 	93,112,833	2	7,473,162	12	399,703	3亿9134万9045元	查看统计
2012053	2012-05-09(三)	11 12 26 28 31 	07 12 	82,756,548	0	0	20	223,260	3亿9547万7861元	查看统计
2012052	2012-05-07(一)	10 20 26 31 33 	10 12 	81,471,740	1	10,000,000	22	166,280	3亿7722万6308元	查看统计
2012051	2012-05-05(六)	01 02 17 18 33 	05 12 	92,673,669	1	10,000,000	22	233,300	3亿7014万1010元	查看统计
2012050	2012-05-02(三)	13 17 22 28 29 	01 10 	83,400,618	2	8,012,098	31	116,073	3亿5774万4136元	查看统计
2012049	2012-04-30(一)	09 18 22 27 31 	10 12 	78,398,644	0	0	24	151,668	3亿5870万7840元	查看统计
2012048	2012-04-28(六)	06 09 26 30 35 	05 06 	94,540,722	3	6,045,041	73	29,716	3亿4335万1390元	查看统计
2012047	2012-04-25(三)	05 07 17 30 34 	03 10 	84,357,630	0	0	14	218,464	3亿5570万8159元	查看统计
2012046	2012-04-23(一)	04 08 19 23 27 	04 11 	82,530,964	0	0	23	138,765	3亿4227万2592元	查看统计
2012045	2012-04-21(六)	05 11 17 20 28 	11 12 	92,180,256	1	9,201,429	87	41,727	3亿2749万4107元	查看统计
2012044	2012-04-18(三)	03 04 14 32 35 	01 02 	85,892,219	3	7,310,376	11	504,082	3亿2541万0674元	查看统计
2012043	2012-04-16(一)	01 06 25 31 34 	03 09 	84,038,794	0	0	17	155,260	3亿3093万4636元	查看统计
2012042	2012-04-14(六)	07 24 27 28 35 	07 12 	91,457,793	3	6,613,924	33	119,549	3亿1789万2751元	查看统计
2012041	2012-04-11(三)	01 02 13 22 23 	02 10 	83,292,294	1	9,920,805	27	156,216	3亿2872万5027元	查看统计
2012040	2012-04-09(一)	02 13 23 28 29 	01 05 	83,497,529	0	0	30	139,686	3亿2491万5094元	查看统计
2012039	2012-04-07(六)	15 21 22 24 35 	01 05 	93,381,476	3	7,811,240	60	67,415	3亿0574万3107元	查看统计
2012038	2012-04-04(三)	11 23 25 31 35 	01 03 	79,903,202	0	0	10	425,213	3亿0809万2525元	查看统计
2012037	2012-04-02(一)	09 13 27 31 35 	03 10 	78,247,988	0	0	27	100,038	2亿8832万0107元	查看统计
2012036	2012-03-31(六)	01 09 20 30 31 	08 12 	93,125,386	0	0	84	61,841	2亿7571万5296元	查看统计
2012035	2012-03-28(三)	01 04 30 32 35 	08 12 	85,560,035	3	7,421,871	26	167,025	2亿5540万0272元	查看统计
2012034	2012-03-26(一)	01 08 15 16 29 	08 09 	85,603,413	2	7,726,144	18	218,764	2亿5950万1847元	查看统计
2012033	2012-03-24(六)	08 13 19 27 32 	01 08 	94,884,885	0	0	41	105,351	2亿6186万9884元	查看统计
2012032	2012-03-21(三)	07 08 16 26 34 	07 11 	86,307,926	0	0	42	98,441	2亿4187万9359元	查看统计
2012031	2012-03-19(一)	19 21 23 25 30 	03 08 	86,577,924	2	7,763,574	18	234,813	2亿2238万7989元	查看统计
2012030	2012-03-17(六)	03 21 22 26 32 	01 03 	98,542,242	1	10,000,000	15	367,456	2亿2461万0048元	查看统计
2012029	2012-03-14(三)	04 07 08 18 29 	07 10 	89,622,157	0	0	27	125,662	2亿1311万3822元	查看统计
2012028	2012-03-12(一)	10 12 15 33 34 	03 10 	86,559,171	0	0	35	60,766	1亿9841万1361元	查看统计
2012027	2012-03-10(六)	03 10 11 22 31 	05 07 	95,971,572	6	6,159,670	39	104,474	1亿8975万2158元	查看统计
2012026	2012-03-07(三)	10 11 22 23 29 	02 09 	85,927,802	2	5,549,788	55	15,321	2亿0931万5120元	查看统计
2012025	2012-03-05(一)	01 02 05 12 27 	04 07 	87,875,533	1	10,000,000	30	139,176	2亿2017万0940元	查看统计
2012024	2012-03-03(六)	03 11 17 21 30 	03 07 	97,249,349	5	6,097,068	44	88,565	2亿1044万2692元	查看统计
2012023	2012-02-29(三)	07 09 17 29 35 	09 10 	91,666,115	2	8,513,649	27	147,322	2亿3123万9956元	查看统计
2012022	2012-02-27(一)	07 12 20 33 35 	01 10 	90,283,501	3	6,746,733	66	43,777	2亿3069万9005元	查看统计
2012021	2012-02-25(六)	10 15 21 31 34 	07 08 	99,364,364	3	7,621,507	25	191,350	2亿3783万8706元	查看统计
2012020	2012-02-22(三)	12 14 27 29 34 	03 06 	90,897,202	1	10,000,000	27	153,622	2亿4104万1919元	查看统计
2012019	2012-02-20(一)	07 09 17 30 34 	01 12 	89,499,046	1	10,000,000	19	201,424	2亿3272万2464元	查看统计
2012018	2012-02-18(六)	03 10 14 29 31 	04 08 	99,822,905	0	0	20	235,881	2亿2701万1384元	查看统计
2012017	2012-02-15(三)	06 11 22 29 34 	03 12 	88,488,285	16	5,000,000	338	12,000	2亿0507万4410元	查看统计
2012016	2012-02-13(一)	05 14 20 29 31 	08 12 	87,031,289	0	0	26	164,830	2亿9407万4410元	查看统计
2012015	2012-02-11(六)	12 13 24 26 33 	06 08 	95,884,232	3	7,045,244	34	102,262	2亿7577万8245元	查看统计
2012014	2012-02-08(三)	10 14 24 30 32 	01 12 	83,871,244	2	8,453,986	21	201,987	2亿8157万4644元	查看统计
2012013	2012-02-06(一)	07 08 11 12 24 	01 02 	82,271,346	7	5,730,683	24	159,190	2亿8121万2681元	查看统计
2012012	2012-02-04(六)	06 18 22 30 35 	02 07 	92,326,799	2	9,001,754	29	144,991	3亿2025万2410元	查看统计
2012011	2012-02-01(三)	05 19 22 29 30 	02 04 	81,889,658	1	10,000,000	35	91,013	3亿1824万7147元	查看统计
2012010	2012-01-30(一)	25 26 29 32 34 	05 07 	81,078,669	0	0	34	102,158	3亿1425万3773元	查看统计
2012009	2012-01-21(六)	06 14 20 29 35 	09 10 	102,935,799	1	10,000,000	32	136,635	2亿9938万9761元	查看统计
2012008	2012-01-18(三)	06 08 30 31 32 	01 11 	84,499,619	1	10,000,000	52	60,706	2亿8961万1772元	查看统计
2012007	2012-01-16(一)	04 05 13 17 25 	07 10 	84,157,452	1	10,000,000	39	91,632	2亿8627万1587元	查看统计
2012006	2012-01-14(六)	03 20 22 25 27 	01 09 	95,280,803	1	10,000,000	29	163,276	2亿8039万6272元	查看统计
2012005	2012-01-11(三)	01 02 29 31 33 	07 12 	87,772,129	0	0	34	102,548	2亿6896万6261元	查看统计
2012004	2012-01-09(一)	10 11 22 31 32 	06 07 	86,852,728	0	0	32	101,974	2亿5404万5459元	查看统计
2012003	2012-01-07(六)	16 22 24 33 34 	03 10 	97,363,283	2	8,677,334	21	233,481	2亿3974万3471元	查看统计
2012002	2012-01-04(三)	03 11 14 26 29 	07 08 	86,112,821	1	10,000,000	31	105,304	2亿3871万1466元	查看统计
2012001	2012-01-02(一)	07 27 28 32 33 	01 12 	82,753,736	5	5,259,017	138	12,000	2亿3410万0467元	查看统计
2011154	2011-12-31(六)	04 12 16 20 28 	08 11 	101,724,253	0	0	25	186,045	2亿6269万1603元	查看统计
2011153	2011-12-28(三)	06 22 29 30 35 	03 05 	88,096,248	0	0	44	81,259	2亿4315万6812元	查看统计
2011152	2011-12-26(一)	01 04 06 21 35 	02 11 	86,403,094	0	0	14	279,657	2亿2810万3496元	查看统计
2011151	2011-12-24(六)	07 11 14 20 27 	03 10 	96,680,030	2	8,072,990	27	155,746	2亿1090万4537元	查看统计
2011150	2011-12-21(三)	13 22 30 33 34 	06 12 	86,462,940	7	5,108,847	93	12,000	2亿1191万9872元	查看统计
2011149	2011-12-19(一)	02 07 12 29 31 	03 05 	87,367,470	1	10,000,000	22	207,058	2亿4577万6977元	查看统计
2011148	2011-12-17(六)	07 10 11 26 31 	03 04 	93,916,125	2	7,834,174	46	67,965	2亿3683万1160元	查看统计
2011147	2011-12-14(三)	01 15 16 27 28 	02 07 	88,349,665	1	10,000,000	28	162,994	2亿3832万8635元	查看统计
2011146	2011-12-12(一)	09 13 19 29 34 	02 11 	86,403,431	0	0	28	132,310	2亿2718万0037元	查看统计
2011145	2011-12-10(六)	07 15 19 24 29 	04 06 	92,985,042	1	10,000,000	49	82,336	2亿0822万6606元	查看统计
2011144	2011-12-07(三)	07 18 24 28 33 	02 03 	84,813,847	0	0	51	50,520	1亿9791万0066元	查看统计
2011143	2011-12-05(一)	08 09 12 25 33 	07 10 	85,953,558	1	10,000,000	32	116,835	1亿8608万8213元	查看统计
2011142	2011-12-03(六)	04 26 30 33 34 	04 06 	94,416,077	3	6,666,943	21	189,733	1亿8022万7762元	查看统计
2011141	2011-11-30(三)	02 11 19 22 35 	10 12 	83,501,512	2	7,002,109	69	31,554	1亿9072万6012元	查看统计
2011140	2011-11-28(一)	01 12 32 33 34 	09 11 	84,991,439	2	6,375,620	41	58,693	1亿9471万9683元	查看统计
2011139	2011-11-26(六)	04 06 10 15 16 	03 04 	95,740,821	1	10,000,000	23	214,713	2亿0411万6699元	查看统计
2011138	2011-11-23(三)	17 23 26 30 32 	06 12 	86,193,005	3	6,287,223	43	76,360	1亿9221万5936元	查看统计
2011137	2011-11-21(一)	02 15 18 23 31 	01 02 	85,186,217	0	0	26	151,985	2亿0510万6425元	查看统计
2011136	2011-11-19(六)	08 09 11 19 33 	03 12 	94,285,070	1	10,000,000	14	362,786	1亿8789万4014元	查看统计
2011135	2011-11-16(三)	06 22 29 33 35 	03 12 	862,598,201	1	10,000,000	24	161,505	1亿8321万5203元	查看统计
2011134	2011-11-14(一)	01 10 12 14 17 	09 10 	85,194,456	0	0	15	304,442	1亿7613万6025元	查看统计
2011133	2011-11-12(六)	04 11 23 26 35 	03 12 	95,538,914	6	5,959,919	60	67,958	1亿5558万6179元	查看统计
2011132	2011-11-09(三)	12 14 16 19 33 	02 09 	85,110,386	1	10,000,000	17	226,636	1亿8121万9052元	查看统计
2011131	2011-11-07(一)	03 05 12 18 33 	07 11 	86,318,167	1	10,000,000	29	109,975	1亿7371万1416元	查看统计
2011130	2011-11-05(六)	08 09 13 23 35 	11 12 	95,428,576	1	9,530,604	17	234,594	1亿6977万2009元	查看统计
2011129	2011-11-02(三)	01 07 13 18 23 	04 08 	85,738,115	0	0	32	120,946	1亿6689万8558元	查看统计
2011128	2011-10-31(一)	03 04 06 11 13 	01 02 	86,120,096	0	0	28	182,549	1亿4721万4578元	查看统计
2011127	2011-10-29(六)	01 11 22 26 29 	05 08 	93,458,807	1	10,000,000	25	148,889	1亿2640万3896元	查看统计
2011126	2011-10-26(三)	07 17 29 30 33 	10 12 	84,597,838	2	6,714,788	72	28,651	1亿2177万5456元	查看统计
2011125	2011-10-24(一)	07 10 27 34 35 	10 12 	81,800,266	0	0	25	148,773	1亿2663万1088元	查看统计
2011124	2011-10-22(六)	08 12 14 20 25 	06 08 	91,126,295	0	0	33	126,311	1亿0933万6208元	查看统计
2011123	2011-10-19(三)	10 14 18 19 35 	01 06 	83,017,071	2	5,000,000	37	80,442	9057万8986元	查看统计
2011122	2011-10-17(一)	03 08 23 24 34 	05 12 	81,834,817	3	5,000,000	36	93,211	8815万0642元	查看统计
2011121	2011-10-15(六)	02 03 30 31 33 	03 09 	90,476,880	0	0	32	125,927	8805万0408元	查看统计
2011120	2011-10-12(三)	20 25 26 30 31 	09 10 	84,084,781	10	5,303,543	45	55,937	7095万5762元	查看统计
2011119	2011-10-10(一)	04 15 20 26 31 	06 12 	84,425,624	0	0	37	125,407	1亿3276万3457元	查看统计
2011118	2011-10-08(六)	04 07 11 32 35 	05 07 	92,127,620	0	0	29	166,295	1亿1310万5840元	查看统计
2011117	2011-10-05(三)	10 12 28 32 33 	03 05 	74,465,435	1	5,000,000	44	35,208	9315万0429元	查看统计
2011116	2011-10-03(一)	10 15 18 19 26 	07 12 	70,949,104	0	0	14	271,067	9146万9633元	查看统计
2011115	2011-10-01(六)	17 26 30 31 35 	06 11 	83,064,433	0	0	18	185,301	7540万8885元	查看统计
2011114	2011-09-28(三)	06 08 17 27 35 	02 11 	77,707,216	0	0	28	137,669	5914万8718元	查看统计
2011113	2011-09-26(一)	04 05 07 10 12 	04 05 	78,810,315	2	5,000,000	15	262,084	4314万4622元	查看统计
2011112	2011-09-24(六)	06 17 28 32 33 	08 12 	84,408,746	0	0	75	29,891	3604万3587元	查看统计
2011111	2011-09-21(三)	02 11 13 23 31 	11 12 	70,482,914	0	0	17	189,143	2588万8039元	查看统计
2011110	2011-09-19(一)	30 31 33 34 35 	04 07 	81,941,832	65	693,588	1203	12,000	0元	查看统计
2011109	2011-09-17(六)	01 11 12 22 34 	08 10 	91,438,308	1	5,000,000	25	173,618	5299万0177元	查看统计
2011108	2011-09-14(三)	07 15 18 24 28 	01 07 	79,849,685	0	0	26	161,578	3819万7639元	查看统计
2011107	2011-09-12(一)	02 06 18 30 32 	01 08 	72,822,076	6	5,000,000	42	61,825	98万9564元	查看统计
2011106	2011-09-10(六)	01 09 29 30 35 	05 09 	91,808,460	10	4,434,500	150	16,698	0元	查看统计
2011105	2011-09-07(三)	02 11 26 32 33 	05 12 	86,608,080	0	0	19	252,626	4735万3889元	查看统计
2011104	2011-09-05(一)	07 19 27 28 34 	02 05 	83,754,211	2	5,000,000	78	27,486	2708万0587元	查看统计
2011103	2011-09-03(六)	03 04 26 29 34 	01 03 	94,563,941	3	5,000,000	33	141,918	2737万1055元	查看统计
2011102	2011-08-31(三)	19 24 28 31 34 	04 12 	82,689,764	1	5,000,000	19	200,597	2525万4149元	查看统计
2011101	2011-08-29(一)	05 12 20 28 30 	03 07 	90,688,655	32	5,086,232	158	12,430	1415万6217元	查看统计
2011100	2011-08-27(六)	08 11 13 28 33 	08 09 	100,342,747	1	9,261,493	50	71,923	2亿6061万1163元	查看统计
2011099	2011-08-24(三)	02 06 09 12 20 	05 08 	90,999,691	2	8,522,871	24	170,187	2亿5838万3576元	查看统计
2011098	2011-08-22(一)	06 07 28 33 35 	01 10 	90,755,796	2	8,656,154	32	136,934	2亿5781万4962元	查看统计
2011097	2011-08-20(六)	04 19 28 31 33 	11 12 	101,197,498	1	10,000,000	27	204,265	2亿5684万6500元	查看统计
2011096	2011-08-17(三)	03 08 20 24 25 	01 02 	92,112,778	2	8,451,117	71	52,769	2亿4524万5462元	查看统计
2011095	2011-08-15(一)	09 12 17 19 29 	06 11 	88,632,964	1	9,601,015	71	38,056	2亿4489万2108元	查看统计
2011094	2011-08-13(六)	11 21 22 32 34 	04 08 	98,719,396	4	6,714,576	58	65,881	2亿4299万0584元	查看统计
2011093	2011-08-10(三)	04 06 08 19 31 	10 11 	90,159,691	0	0	18	208,394	2亿5270万3120元	查看统计
2011092	2011-08-08(一)	10 17 19 32 33 	01 12 	90,900,093	2	8,383,140	30	121,259	2亿3488万5420元	查看统计
2011091	2011-08-06(六)	11 17 23 29 30 	06 08 	103,226,089	1	10,000,000	54	80,880	2亿3473万5997元	查看统计
2011090	2011-08-03(三)	02 04 29 30 34 	05 08 	92,181,969	0	0	21	184,156	2亿2326万2272元	查看统计
2011089	2011-08-01(一)	05 06 23 27 34 	03 04 	92,442,848	0	0	24	238,538	2亿0793万1278元	查看统计
2011088	2011-07-30(六)	20 21 27 29 35 	03 08 	104,344,297	4	7,050,900	28	183,525	1亿8485万2679元	查看统计
2011087	2011-07-27(三)	06 13 20 25 34 	07 09 	91,364,808	2	6,175,342	82	22,536	1亿9254万7274元	查看统计
2011086	2011-07-25(一)	04 05 06 09 15 	01 06 	89,388,176	0	0	19	223,417	2亿0096万3433元	查看统计
2011085	2011-07-23(六)	02 17 19 21 22 	03 10 	102,298,924	5	6,075,660	30	121,690	1亿8102万3381元	查看统计
2011084	2011-07-20(三)	14 29 31 34 35 	01 12 	95,024,927	0	0	48	83,255	1亿9998万7836元	查看统计
2011083	2011-07-18(一)	06 08 18 20 24 	04 08 	94,242,715	2	7,660,870	73	42,336	1亿8237万9281元	查看统计
2011082	2011-07-16(六)	07 20 25 30 32 	05 09 	106,787,273	4	6,662,493	31	172,554	1亿8439万6669元	查看统计
2011081	2011-07-13(三)	04 13 20 21 35 	02 09 	95,329,740	0	0	28	129,382	1亿9742万9220元	查看统计
2011080	2011-07-11(一)	05 12 30 31 32 	01 03 	93,978,157	0	0	35	110,792	1亿8064万1784元	查看统计
2011079	2011-07-09(六)	01 03 23 30 31 	02 10 	109,599,428	1	14,000,000	19	275,371	1亿6261万0282元	查看统计
2011078	2011-07-06(三)	04 09 16 27 30 	02 06 	96,091,331	2	9,180,172	65	55,977	1亿4679万4221元	查看统计
2011077	2011-07-04(一)	05 08 19 33 34 	01 12 	94,881,787	1	14,000,000	36	112,895	1亿4949万1545元	查看统计
2011076	2011-07-02(六)	18 23 25 29 30 	01 02 	108,032,153	2	11,353,637	25	198,796	1亿4069万4437元	查看统计
2011075	2011-06-29(三)	06 09 20 23 28 	06 10 	99,290,929	3	9,424,856	17	300,147	1亿3763万3524元	查看统计
2011074	2011-06-27(一)	07 16 23 28 31 	03 06 	102,090,087	25	5,266,941	142	21,182	1亿3872万1670元	查看统计
2011073	2011-06-25(六)	13 19 20 22 33 	05 11 	114,496,899	2	10,844,864	43	93,341	3亿1766万6106元	查看统计
2011072	2011-06-22(三)	03 11 13 20 35 	03 08 	103,091,748	0	0	30	163,834	3亿1987万1133元	查看统计
2011071	2011-06-20(一)	27 31 33 34 35 	04 06 	105,844,387	2	7,998,038	184	12,000	2亿9959万6663元	查看统计
2011070	2011-06-18(六)	09 19 22 29 30 	02 08 	116,191,211	13	5,401,149	147	12,000	3亿0660万2546元	查看统计
2011069	2011-06-15(三)	03 05 28 29 33 	04 12 	105,442,230	2	9,036,932	56	61,515	3亿7769万7008元	查看统计
2011068	2011-06-13(一)	01 13 16 18 32 	07 09 	105,704,934	1	14,000,000	9	617,126	3亿8095万2965元	查看统计
2011067	2011-06-11(六)	10 17 22 24 32 	03 10 	117,519,124	5	6,720,822	88	23,547	3亿6734万7891元	查看统计
2011066	2011-06-08(三)	06 13 18 20 33 	09 10 	102,319,445	0	0	36	127,883	3亿9579万5484元	查看统计
2011065	2011-06-06(一)	03 11 14 25 34 	01 04 	96,759,634	1	14,000,000	27	182,044	3亿7507万8277元	查看统计
2011064	2011-06-04(六)	01 06 27 30 34 	01 06 	114,835,819	1	15,000,000	23	301,345	3亿6214万0610元	查看统计
2011063	2011-06-01(三)	10 17 18 26 32 	01 05 	103,484,742	0	0	28	181,307	3亿4875万9449元	查看统计
2011062	2011-05-30(一)	06 10 17 20 21 	03 07 	104,437,410	2	10,123,166	22	237,156	3亿2686万6617元	查看统计
2011061	2011-05-28(六)	06 07 16 18 20 	04 10 	119,067,560	3	9,194,913	22	282,485	3亿2588万6265元	查看统计
2011060	2011-05-25(三)	03 25 29 32 34 	09 10 	110,273,508	2	10,961,548	33	128,205	3亿2723万3734元	查看统计
2011059	2011-05-23(一)	09 16 21 29 34 	07 10 	111,037,756	0	0	28	204,157	3亿2898万3692元	查看统计
2011058	2011-05-21(六)	01 09 27 32 33 	03 06 	123,623,363	21	5,000,000	221	12,000	3亿0387万2297元	查看统计
2011057	2011-05-18(三)	07 11 30 31 34 	09 12 	111,836,045	1	10,000,000	25	186,324	4亿2687万2297元	查看统计
2011056	2011-05-16(一)	03 05 29 30 31 	08 10 	113,369,983	3	7,446,225	67	75,461	4亿1437万3623元	查看统计
2011055	2011-05-14(六)	01 07 31 32 35 	02 10 	121,919,915	0	0	40	155,267	4亿1916万4003元	查看统计
2011054	2011-05-11(三)	05 09 16 26 35 	03 10 	52,145,244	1	6,253,562	10	452,365	1亿0125万4214元	查看统计
2011053	2011-05-09(一)	03 16 28 31 32 	01 09 	92,967,750	0	0	13	427,827	3亿7240万5323元	查看统计
2011052	2011-05-07(六)	13 24 31 32 33 	03 09 	103,826,788	4	6,520,277	41	82,066	3亿4962万3523元	查看统计
2011051	2011-05-04(三)	06 08 12 17 18 	05 10 	94,449,532	2	8,303,466	19	200,210	3亿6050万1853元	查看统计
2011050	2011-05-02(一)	04 07 29 32 33 	08 10 	87,452,567	1	10,000,000	32	84,997	3亿6059万1452元	查看统计
2011049	2011-04-30(六)	05 06 10 22 25 	01 09 	105,382,597	2	7,258,678	39	90,625	3亿5771万4362元	查看统计
2011048	2011-04-27(三)	13 17 25 27 28 	02 03 	97,367,653	5	5,000,000	255	12,000	3亿6190万5515元	查看统计
2011047	2011-04-25(一)	02 15 22 33 35 	05 08 	96,770,184	1	10,000,000	12	320,909	3亿8690万5515元	查看统计
2011046	2011-04-23(六)	09 15 16 19 29 	04 06 	107,968,006	2	6,927,047	112	32,524	3亿8102万0504元	查看统计
2011045	2011-04-20(三)	13 21 22 29 31 	07 11 	95,364,376	0	0	38	106,097	3亿8777万0674元	查看统计
2011044	2011-04-18(一)	11 21 24 26 31 	06 07 	89,608,392	0	0	50	50,826	3亿7145万8144元	查看统计
2011043	2011-04-16(六)	02 08 23 33 35 	05 10 	93,914,514	0	0	79	34,461	3亿6124万2100元	查看统计
2011042	2011-04-13(三)	06 09 18 30 32 	10 12 	87,928,876	1	10,000,000	44	95,042	3亿4994万7313元	查看统计
2011041	2011-04-11(一)	04 05 11 13 25 	03 06 	87,556,274	3	7,023,022	24	168,585	3亿4169万9221元	查看统计
2011040	2011-04-09(六)	03 07 15 18 20 	01 06 	96,069,406	0	0	20	262,412	3亿4877万4894元	查看统计
2011039	2011-04-06(三)	01 11 14 22 34 	06 08 	85,116,728	2	8,645,112	16	264,138	3亿2732万2701元	查看统计
2011038	2011-04-04(一)	07 09 11 13 33 	10 12 	80,422,215	1	9,768,864	16	276,455	3亿2638万7365元	查看统计
2011037	2011-04-02(六)	01 12 14 22 24 	10 12 	96,693,251	1	10,000,000	20	228,088	3亿2294万2088元	查看统计
2011036	2011-03-30(三)	03 18 29 30 33 	08 09 	85,781,802	0	0	20	197,124	3亿1326万9458元	查看统计
2011035	2011-03-28(一)	03 04 13 15 32 	04 09 	84,025,048	0	0	10	425,305	2亿9804万1572元	查看统计
2011034	2011-03-26(六)	03 06 09 17 27 	03 09 	94,247,323	0	0	29	171,438	2亿7922万1801元	查看统计
2011033	2011-03-23(三)	03 19 24 29 33 	03 09 	83,735,466	1	9,011,343	17	207,707	2亿5633万4761元	查看统计
2011032	2011-03-21(一)	07 16 23 31 33 	03 10 	81,643,680	1	10,000,000	29	92,828	2亿5470万7534元	查看统计
2011031	2011-03-19(六)	12 17 19 22 35 	04 11 	93,937,733	0	0	26	172,597	2亿5085万2819元	查看统计
2011030	2011-03-16(三)	15 19 25 30 33 	03 08 	81,778,553	9	5,000,000	112	12,000	2亿3247万1208元	查看统计
2011029	2011-03-14(一)	03 09 17 24 28 	06 12 	80,911,079	2	7,505,209	30	129,236	2亿8347万1208元	查看统计
2011028	2011-03-12(六)	01 02 13 17 28 	01 04 	91,860,917	0	0	32	148,208	2亿8670万0891元	查看统计
2011027	2011-03-09(三)	05 14 25 34 35 	02 05 	84,423,224	3	6,956,120	62	55,101	2亿6624万8099元	查看统计
2011026	2011-03-07(一)	01 09 15 20 29 	07 09 	82,639,796	0	0	13	320,570	2亿7244万5556元	查看统计
2011025	2011-03-05(六)	08 09 25 28 29 	02 10 	90,511,689	1	10,000,000	50	81,096	2亿5465万3894元	查看统计
2011024	2011-03-02(三)	12 15 16 20 33 	08 12 	79,549,112	1	10,000,000	19	220,199	2亿4744万1137元	查看统计
2011023	2011-02-28(一)	05 13 16 18 24 	02 12 	78,141,115	1	9,775,276	16	259,878	2亿3877万9266元	查看统计
2011022	2011-02-26(六)	09 14 24 25 34 	01 04 	88,756,676	0	0	27	167,019	2亿3531万8601元	查看统计
2011021	2011-02-23(三)	01 09 13 17 30 	02 08 	77,486,022	0	0	31	83,696	2亿1652万8880元	查看统计
2011020	2011-02-21(一)	09 12 19 22 28 	01 05 	75,264,171	0	0	27	119,069	2亿0491万5970元	查看统计
2011019	2011-02-19(六)	08 21 23 27 33 	06 11 	86,106,831	3	5,819,512	58	29,891	1亿9098万4829元	查看统计
2011018	2011-02-16(三)	16 22 24 32 34 	02 10 	71,591,148	0	0	14	242,197	2亿0455万9462元	查看统计
2011017	2011-02-14(一)	16 19 24 26 31 	02 04 	67,218,101	0	0	19	172,191	1亿9020万9245元	查看统计
2011016	2011-02-12(六)	15 20 30 33 35 	06 09 	74,768,258	0	0	30	86,197	1亿7716万5752元	查看统计
2011015	2011-02-09(三)	08 18 19 22 23 	01 03 	61,116,088	0	0	29	85,859	1亿6494万7287元	查看统计
2011014	2011-01-31(一)	02 14 20 21 24 	02 09 	68,783,676	0	0	15	254,573	1亿5541万6933元	查看统计
2011013	2011-01-29(六)	05 08 14 28 30 	04 06 	75,146,172	0	0	29	86,205	1亿3995万1606元	查看统计
2011012	2011-01-26(三)	03 12 19 25 30 	08 11 	67,808,306	2	6,806,047	40	51,675	1亿2766万7330元	查看统计
2011011	2011-01-24(一)	02 17 23 24 30 	02 09 	65,868,407	0	0	24	112,679	1亿3224万9188元	查看统计
2011010	2011-01-22(六)	04 08 10 14 27 	05 07 	73,127,513	0	0	14	271,617	1亿2084万0432元	查看统计
2011009	2011-01-19(三)	09 10 11 14 24 	03 08 	65,249,173	1	5,000,000	16	172,225	1亿0413万5936元	查看统计
2011008	2011-01-17(一)	01 23 26 27 30 	05 06 	65,912,879	2	6,728,099	43	67,768	9841万4874元	查看统计
2011007	2011-01-15(六)	14 24 32 33 35 	02 09 	71,802,234	0	0	48	51,369	1亿0467万5282元	查看统计
2011006	2011-01-12(三)	02 08 16 26 35 	11 12 	68,116,097	8	5,474,021	31	96,769	9381万0617元	查看统计
2011005	2011-01-10(一)	01 07 25 27 30 	07 12 	68,602,032	0	0	12	346,192	1亿4870万9393元	查看统计
2011004	2011-01-08(六)	07 08 10 23 25 	07 09 	76,345,453	0	0	23	147,428	1亿3079万3921元	查看统计
2011003	2011-01-05(三)	01 24 27 30 31 	01 06 	66,980,266	1	9,782,435	25	118,966	1亿1675万1373元	查看统计
2011002	2011-01-03(一)	11 13 27 28 29 	02 06 	63,595,435	0	0	82	22,713	1亿1457万7721元	查看统计
2011001	2011-01-01(六)	07 08 15 32 34 	05 12 	72,601,190	2	7,506,561	36	83,136	1亿0626万4493元	查看统计
2010153	2010-12-29(三)	06 07 16 24 35 	04 06 	67,696,029	1	10,000,000	28	106,954	1亿0874万4805元	查看统计
2010152	2010-12-27(一)	02 05 18 22 23 	07 12 	67,198,522	1	5,000,000	32	92,418	1亿0607万0691元	查看统计
2010151	2010-12-25(六)	01 10 32 33 35 	03 08 	75,884,305	10	5,282,115	77	30,417	9706万9214元	查看统计
2010150	2010-12-22(三)	05 24 28 29 35 	01 09 	70,254,401	0	0	14	229,688	1亿6206万0141元	查看统计
2010149	2010-12-20(一)	05 22 24 25 30 	01 06 	68,713,293	1	8,501,320	21	159,604	1亿4896万7896元	查看统计
2010148	2010-12-18(六)	03 04 08 10 35 	02 06 	74,147,240	0	0	18	197,322	1亿4856万4727元	查看统计
2010147	2010-12-15(三)	01 15 19 21 23 	11 12 	66,009,262	0	0	13	299,969	1亿3302万5584元	查看统计
2010146	2010-12-13(一)	14 17 30 31 34 	04 10 	67,029,732	0	0	36	60,756	1亿1705万2228元	查看统计