1 1 3 8 11 15 15 16 17 39 39 45 49 67 70 70 81 87 92 96 96 98 104 110 112 114 115 115 117 119 130 130 145 145 147 147 148 148 153 155 158 
2 2 5 6 8 10 12 14 38 39 42 64 67 71 71 74 75 98 99 100 100 108 112 122 129 140 142 144 152 157 164 164 167 168 172 174 191 197 199 200 203 
3 0 10 10 10 17 20 24 27 28 33 34 41 44 47 47 47 48 49 51 58 69 83 91 98 98 101 104 106 114 119 124 130 144 149 160 166 168 170 172 182 
4 9 6 11 28 28 30 34 39 47 47 55 55 57 68 87 112 112 112 113 120 130 130 149 170 170 176 178 182 189 194 195 203 204 204 212 224 226 271 273 276 
5 5 22 32 32 33 35 42 45 63 69 78 87 101 102 103 105 108 108 108 108 116 118 136 140 153 157 157 176 176 182 182 187 190 204 216 218 221 230 231 231 
6 3 0 1 1 11 11 16 16 19 27 32 32 33 35 46 49 53 57 60 61 76 79 89 98 111 123 126 126 127 128 135 137 142 143 149 155 156 176 177 179 
7 6 17 26 34 44 47 49 51 62 72 72 83 91 91 107 111 117 117 117 119 121 125 127 134 141 145 148 151 157 163 164 164 167 169 177 182 183 183 183 187 
8 2 6 18 19 25 25 31 35 37 40 40 40 54 54 56 66 68 70 76 80 81 81 83 84 87 89 97 97 101 104 107 108 109 110 115 116 130 130 132 136 
9 5 1 7 9 14 17 22 37 37 41 49 58 61 61 79 80 84 84 84 107 115 119 122 122 123 126 126 130 134 138 140 142 154 154 156 156 156 162 169 169 
10 0 5 11 11 17 21 25 38 39 47 59 59 65 67 72 74 75 79 79 86 95 102 105 105 111 117 123 128 136 148 148 158 164 166 166 168 172 175 188 190 
11 1 11 11 22 22 24 24 33 35 36 62 63 66 81 85 85 85 86 103 105 105 106 109 112 112 128 128 151 159 160 171 179 180 182 187 188 192 192 196 208 
12 5 0 7 7 7 8 10 14 14 22 23 25 26 29 31 35 35 37 39 44 46 46 47 47 51 52 56 56 57 59 83 83 86 92 92 97 105 110 114 120 
13 3 0 3 4 17 25 25 25 27 36 38 38 45 46 48 55 60 61 61 72 76 82 86 86 88 93 94 99 109 119 123 126 126 137 140 141 145 145 165 167 
14 4 4 5 5 5 9 26 40 40 44 44 53 54 59 64 66 68 69 69 70 71 72 72 79 89 90 90 93 107 110 113 117 119 120 126 126 132 133 133 146 
15 7 0 5 8 8 15 25 35 37 37 46 48 49 51 52 67 69 76 76 83 83 83 95 98 107 127 129 133 135 139 149 154 160 171 174 182 182 185 188 192 
16 12 4 6 10 11 11 17 18 24 24 24 58 64 69 73 80 80 87 94 94 100 101 109 109 109 110 111 114 118 119 125 125 127 146 149 151 154 155 156 159 
17 7 2 8 8 9 11 23 23 38 39 41 41 48 53 54 59 59 72 73 82 85 96 115 124 127 128 130 140 146 149 151 152 162 164 164 164 170 174 175 182 
18 5 0 5 8 21 23 23 25 25 25 27 28 39 41 42 47 50 54 63 70 70 73 73 74 86 89 94 98 102 103 108 111 113 130 131 131 142 143 143 148 
19 15 7 11 11 13 14 15 16 20 22 23 34 34 37 40 40 42 45 45 56 67 73 74 74 74 76 79 81 84 97 97 100 102 106 113 113 114 115 125 125 
20 10 4 6 10 12 12 15 16 16 20 21 21 32 34 36 39 39 40 43 54 54 55 61 61 61 63 63 68 71 72 72 73 79 85 89 97 97 102 109 117 
21 1 2 7 9 10 23 24 30 50 56 57 59 59 68 72 86 88 90 92 113 113 114 117 123 125 126 127 131 132 132 148 148 149 150 151 156 175 175 182 185 
22 0 3 7 21 24 30 34 36 37 42 43 48 50 51 52 55 62 62 62 64 64 64 65 66 72 74 75 78 78 83 87 90 91 91 92 92 93 94 94 105 
23 0 0 6 6 18 25 26 30 35 49 50 55 66 68 83 88 91 100 100 109 115 115 116 121 124 125 126 131 150 156 160 174 176 179 196 197 198 205 212 212 
24 4 3 10 10 12 12 18 31 36 37 45 60 63 63 66 72 72 77 85 86 92 96 108 112 118 124 128 135 155 155 163 168 171 174 181 191 199 200 208 208 
25 2 0 3 7 9 12 12 17 18 24 29 41 56 57 61 65 66 66 70 70 74 77 88 88 89 105 119 121 131 133 137 141 146 152 159 160 164 167 173 191 
26 3 6 11 16 22 27 27 30 32 33 41 43 43 44 46 47 50 59 63 63 64 73 81 93 96 106 108 108 109 117 117 117 121 121 125 135 136 136 139 139 
27 0 0 5 28 29 30 45 47 53 58 58 60 74 75 77 78 85 89 95 96 97 99 103 104 105 105 108 114 114 117 126 126 130 132 135 139 141 141 143 147 
28 3 5 16 23 25 29 32 36 37 38 49 52 59 78 80 90 91 93 93 95 95 98 101 105 106 110 124 129 134 135 136 136 137 137 137 145 149 159 162 175 
29 0 1 6 19 19 20 23 23 32 38 40 51 53 54 56 57 61 72 74 74 81 81 82 91 94 103 107 107 125 136 136 138 138 138 142 145 147 147 151 176 
30 11 5 6 10 35 36 37 37 37 37 53 53 55 57 58 72 80 80 85 92 98 111 118 125 137 138 148 171 175 175 190 198 230 232 240 242 245 246 247 267 
31 2 0 2 6 11 25 25 38 48 52 61 63 73 79 79 86 86 95 97 99 113 113 124 133 133 134 135 137 143 151 151 154 160 169 172 172 179 182 198 201 
32 2 2 7 9 13 13 16 16 19 21 25 26 26 27 30 38 45 69 71 71 80 80 84 85 85 92 109 110 115 117 119 138 141 144 155 156 156 156 157 160 
33 1 10 46 53 58 63 67 84 86 86 94 110 114 115 130 140 147 175 182 196 197 197 205 213 214 221 221 229 237 238 240 242 243 248 248 256 256 265 280 283 